80
-67.50 -177.50 -177.50 177.50 0.0809 17.4386
-67.50 -177.50 -177.50 127.50 0.0627 37.7493
-67.50 -177.50 -177.50 -82.50 0.0547 18.4284
-177.50 177.50 177.50 177.50 0.0527 20.8718
-67.50 -177.50 67.50 -172.50 0.0494 17.6199
-67.50 -177.50 -67.50 -87.50 0.0467 16.2114
-67.50 -177.50 -67.50 177.50 0.0436 17.5312
-67.50 -177.50 67.50 82.50 0.0324 20.0946
-177.50 177.50 177.50 -82.50 0.0296 21.2700
-67.50 -177.50 -67.50 117.50 0.0294 18.7043
-177.50 177.50 62.50 82.50 0.0268 11.9597
-62.50 -67.50 -177.50 -177.50 0.0268 20.5417
-177.50 177.50 -62.50 117.50 0.0258 16.7446
-177.50 177.50 -62.50 172.50 0.0250 19.0207
-177.50 177.50 62.50 -167.50 0.0241 13.6923
-177.50 177.50 177.50 82.50 0.0241 18.8263
-177.50 177.50 -62.50 -82.50 0.0232 18.2937
-62.50 -67.50 -177.50 -87.50 0.0216 16.2146
-177.50 177.50 62.50 -117.50 0.0206 18.3721
-67.50 -177.50 67.50 -112.50 0.0202 19.0681
-62.50 -67.50 -67.50 167.50 0.0191 25.4566
-62.50 -67.50 -67.50 -82.50 0.0187 19.0986
62.50 -177.50 -177.50 87.50 0.0162 16.6938
-177.50 62.50 177.50 157.50 0.0160 24.9469
62.50 -177.50 -177.50 -177.50 0.0158 20.3074
-62.50 -67.50 -177.50 82.50 0.0155 20.6619
62.50 -177.50 -177.50 -82.50 0.0134 18.6171
62.50 -177.50 67.50 -177.50 0.0121 35.2617
62.50 -177.50 -67.50 177.50 0.0115 33.0359
-87.50 67.50 177.50 177.50 0.0093 28.6492
-177.50 62.50 62.50 -172.50 0.0089 18.0952
-177.50 62.50 177.50 -77.50 0.0089 25.8373
-177.50 62.50 177.50 87.50 0.0083 15.3539
-177.50 62.50 62.50 82.50 0.0078 21.4535
-177.50 177.50 62.50 137.50 0.0078 17.5496
62.50 -177.50 67.50 82.50 0.0072 20.4636
-62.50 -67.50 77.50 -162.50 0.0069 30.6451
62.50 -177.50 -67.50 -92.50 0.0065 23.1208
-87.50 67.50 97.50 -152.50 0.0058 32.1531
-177.50 62.50 -92.50 -177.50 0.0055 32.5488
-62.50 -67.50 77.50 72.50 0.0054 27.5124
-172.50 -87.50 177.50 -177.50 0.0054 25.2089
-172.50 -87.50 -67.50 152.50 0.0052 17.7757
-87.50 67.50 177.50 -87.50 0.0034 22.5295
-87.50 67.50 -87.50 -162.50 0.0027 34.5895
-172.50 -87.50 -67.50 -137.50 0.0026 16.1331
-62.50 -67.50 -67.50 52.50 0.0025 40.4419
-172.50 -87.50 -67.50 -82.50 0.0024 19.7633
-172.50 -87.50 177.50 -77.50 0.0023 23.7382
-87.50 67.50 97.50 72.50 0.0021 26.0586
57.50 92.50 177.50 157.50 0.0020 19.9008
-172.50 -87.50 177.50 62.50 0.0016 28.9382
-177.50 62.50 62.50 -107.50 0.0016 21.6860
-177.50 62.50 -92.50 -77.50 0.0015 24.4624
72.50 -67.50 -82.50 152.50 0.0012 41.2309
-87.50 67.50 -87.50 -77.50 0.0012 23.5581
72.50 -67.50 -172.50 -77.50 0.0011 21.3874
-177.50 177.50 62.50 27.50 0.0011 23.5590
-177.50 177.50 177.50 -27.50 0.0011 23.9903
57.50 92.50 177.50 -72.50 0.0011 30.7520
-67.50 -177.50 -67.50 -27.50 0.0010 22.3215
-172.50 -87.50 72.50 -172.50 0.0009 17.0933
57.50 92.50 62.50 -152.50 0.0008 26.3579
57.50 92.50 117.50 177.50 0.0008 18.9919
62.50 -177.50 -177.50 22.50 0.0007 26.0728
72.50 -67.50 -82.50 -77.50 0.0007 29.8485
-62.50 -67.50 -177.50 -22.50 0.0007 26.3088
-172.50 -87.50 -67.50 77.50 0.0006 26.3653
-172.50 -87.50 72.50 122.50 0.0006 27.6355
-87.50 67.50 97.50 -62.50 0.0006 28.6003
57.50 92.50 62.50 132.50 0.0006 19.2847
57.50 92.50 62.50 72.50 0.0005 11.2649
57.50 92.50 177.50 87.50 0.0005 16.5153
57.50 92.50 117.50 -87.50 0.0004 24.1893
-172.50 -87.50 72.50 -117.50 0.0003 17.0326
72.50 -67.50 -172.50 67.50 0.0003 8.9465
57.50 92.50 117.50 82.50 0.0003 18.0236
72.50 -67.50 -172.50 127.50 0.0002 9.6796
-177.50 62.50 177.50 -17.50 0.0002 13.9307