5996
-112.95	47.27
-143.66	137.84
-138.78	128.24
-122.19	139.09
-74.67	-56.45
-110.84	125.23
-46.74	-60.82
-88.19	107.56
-127.99	116.94
-58.10	-44.40
-64.89	-48.47
-133.95	167.00
-79.75	7.64
-66.32	176.59
-139.11	162.12
-60.70	136.80
-76.01	151.02
-104.19	-5.86
-90.09	-161.67
-77.80	-62.42
-68.78	159.01
-49.32	-48.86
-157.80	169.89
-106.46	109.76
-77.89	112.03
-106.91	131.30
-131.02	75.56
-118.57	145.65
-79.99	112.11
-115.95	149.81
-84.31	116.24
-99.28	128.08
-107.46	138.99
-155.77	162.19
-67.02	-36.75
-65.74	-39.50
-92.44	110.84
-72.67	136.65
-119.71	150.14
-150.49	118.40
-132.34	141.78
-63.60	-39.55
-62.11	-48.59
-68.88	160.00
-60.48	143.13
-110.99	133.54
54.55	48.67
-79.13	153.97
-118.98	120.67
-69.39	154.70
-97.99	3.51
-72.44	113.80
-64.11	-32.77
-116.61	153.11
-94.97	-8.00
-64.60	-45.66
-120.67	124.97
-126.24	160.45
-5.48	77.44
-164.74	145.42
-73.00	-25.29
-79.90	148.16
-66.95	-25.03
-71.84	146.45
-57.35	-22.60
-115.19	0.75
-125.89	141.40
-68.00	-17.18
-129.86	61.71
-76.12	-26.75
-65.88	-41.30
-139.89	19.49
-144.33	142.08
-69.67	-33.31
-108.97	151.84
-78.33	-37.71
-97.30	-41.05
-81.93	167.59
-86.37	-21.16
-70.57	-9.80
-69.41	-27.44
-164.73	167.02
-56.16	-28.19
-99.51	127.93
-107.99	129.71
-113.78	138.55
-99.25	122.97
-64.13	-44.29
-82.97	-21.81
-146.64	156.33
-85.64	141.50
-117.08	75.86
-78.97	-31.45
-73.82	141.41
-73.43	68.88
-109.73	19.16
-137.82	120.77
-62.80	-38.60
-155.35	178.30
-116.28	127.33
-125.53	127.14
-57.11	-42.73
-135.96	125.30
-110.10	170.12
69.24	17.56
-121.69	157.81
-108.71	137.52
-66.46	155.00
-73.23	139.28
-114.11	8.45
-91.01	-42.05
-143.65	174.17
-67.22	-42.02
-144.52	148.84
-109.15	138.82
-154.78	105.41
-72.85	172.21
-90.98	-61.40
-124.41	125.31
-68.50	65.82
-65.13	-39.75
-89.06	-20.41
-120.61	26.73
-79.54	-27.77
-124.68	151.09
-103.27	97.11
-124.95	164.55
-122.36	143.18
-94.34	15.21
-68.47	138.98
-93.30	156.98
-134.06	126.34
-91.41	143.32
-83.76	148.41
-77.60	126.97
-123.64	110.92
-83.22	131.17
-110.38	-3.54
-155.22	144.65
-167.01	161.84
-111.28	103.72
-158.22	163.97
-159.11	146.39
-133.62	142.50
-81.96	11.23
-73.26	126.13
-146.65	133.43
-109.87	148.47
-101.62	161.71
-129.02	129.02
-173.88	162.86
-69.51	-21.82
-66.67	-49.21
-51.70	-56.35
-69.71	-39.18
-133.06	162.28
-103.23	144.62
-91.46	-6.98
-60.26	-39.65
-84.43	140.86
-104.41	1.83
-141.52	152.32
-171.63	-176.37
-85.21	65.34
-73.35	-36.13
-100.23	-15.92
-71.60	-47.63
-57.59	-51.12
-100.94	0.18
-66.83	-35.56
-161.96	79.81
-79.52	-18.23
-123.04	80.29
-97.77	127.70
-85.78	129.71
-109.75	138.38
-52.75	-31.58
-73.14	-27.36
-60.09	-48.48
-32.53	-55.20
-67.41	-35.76
-90.55	7.13
-82.19	-26.19
-68.39	-45.25
-68.60	-38.28
-54.87	-55.64
-91.16	-18.18
-56.57	-43.63
-66.97	0.91
-60.92	-44.14
-68.49	-33.84
41.43	52.82
-69.62	-8.81
-132.34	120.01
47.93	60.11
-141.78	-8.90
-112.39	135.02
-66.16	-38.66
-65.86	-46.60
-151.39	-77.55
-61.05	-52.44
-105.04	112.25
-118.80	118.04
-107.93	137.28
-94.06	157.29
-126.22	142.19
-69.97	-37.49
76.43	19.79
-84.34	-5.43
-77.04	0.67
-94.90	162.63
-93.18	94.85
-129.77	168.62
-106.77	147.22
-96.80	107.78
-119.30	159.40
-79.74	9.39
-62.08	-37.52
-66.96	-27.67
-93.95	6.70
-64.24	-39.01
36.83	91.06
-58.03	-35.84
-68.04	-43.49
-60.74	-29.43
-88.08	-26.42
-72.04	-164.23
-94.24	-42.79
-105.36	114.34
-64.50	11.93
-48.49	-57.00
-155.80	127.83
-108.40	101.85
-77.96	142.40
-93.07	111.31
-76.54	124.69
-65.26	137.21
-126.45	131.16
-122.29	137.63
-83.32	148.76
-67.73	122.37
-77.84	136.92
-60.51	-56.02
-65.59	-40.05
-68.11	-30.30
50.46	44.35
-151.19	125.01
-50.78	-44.47
-81.16	-20.46
-57.60	-4.03
49.26	61.37
-74.39	-12.94
-112.73	144.56
-112.47	141.44
-127.26	141.87
-86.09	-31.25
-85.75	117.02
-62.55	-44.56
-87.97	-38.27
-178.99	153.22
-64.89	155.34
-118.24	-22.49
-102.34	-36.85
-59.21	-29.79
-86.47	117.86
-108.43	136.37
-67.20	157.89
-121.95	127.02
-66.23	106.25
-139.59	-178.16
-131.49	170.24
-54.89	-36.90
-91.49	116.62
-105.60	-9.78
-89.31	1.39
-140.36	164.25
-71.32	-21.94
-126.17	-38.95
90.07	96.74
-38.08	143.01
-161.50	172.78
-74.36	-47.30
-58.84	-32.10
-90.64	129.08
-135.48	12.70
-70.24	-41.93
-60.17	-55.63
-65.26	-42.84
-139.33	126.15
-120.35	132.11
-123.76	-15.69
-111.43	-3.26
-64.90	-44.86
-56.96	-58.18
-62.88	-48.78
-54.19	-29.58
-69.35	-20.73
-71.89	157.75
-108.95	130.29
-94.07	116.17
-139.39	165.32
-60.54	-49.68
-65.81	-34.45
-146.93	153.00
56.25	31.97
-143.12	160.13
-76.26	150.23
-70.58	145.47
-82.47	136.26
-84.87	113.02
-74.01	-46.29
-63.24	-50.30
-122.81	143.67
-66.33	142.62
-90.08	102.79
-130.80	134.11
-52.94	-35.18
-138.10	80.50
-81.17	-34.62
-107.04	-26.51
-121.83	-15.47
-52.56	-39.77
-136.29	144.33
-112.88	128.91
-118.20	91.68
-71.58	151.35
-78.76	171.33
-88.19	21.76
-145.04	130.76
-68.85	-17.85
-116.86	104.14
-59.78	134.91
-68.17	-46.12
-75.83	-26.60
-143.40	-128.04
-155.51	-1.80
-90.69	15.70
-72.51	-14.21
-74.09	-18.32
-129.43	137.79
-130.40	157.26
-73.86	139.92
-66.73	-44.98
-111.83	-10.61
-72.16	125.27
-123.63	122.71
-149.12	-4.92
-99.51	142.68
-52.59	-37.47
-135.53	53.76
-150.77	142.53
-76.36	138.65
-174.86	169.53
-100.73	-23.18
-62.39	-19.55
-90.48	-8.41
-92.39	-12.88
-122.06	118.94
-120.40	132.70
-69.57	-8.51
-109.64	111.22
-99.09	154.76
-96.52	140.07
-80.92	-24.94
-72.35	-33.04
-62.74	-42.37
-69.80	-22.42
-151.62	159.97
-157.29	166.90
-123.35	116.80
-164.34	155.10
-112.51	146.56
-101.68	138.72
-89.76	149.32
-57.51	-41.95
-117.53	164.79
-82.28	165.36
-122.49	115.44
-53.91	-64.48
-86.31	10.66
-64.31	-35.16
-68.65	147.42
-68.78	-36.44
-116.35	143.60
-129.87	126.27
-75.47	106.93
177.32	140.48
-75.51	67.74
-80.37	154.25
-161.17	-169.20
-91.89	5.80
49.88	51.11
-152.99	126.37
-86.55	152.21
-61.09	-40.02
-83.22	-3.21
-56.59	-41.93
-106.12	25.32
-59.10	-47.75
-125.70	18.60
-131.30	151.05
-134.51	-140.44
-69.98	140.75
-75.43	138.58
-114.55	20.36
-70.97	-37.09
-105.20	27.24
-72.46	-43.80
-97.31	131.88
-55.26	-58.65
-78.02	175.92
-60.32	-21.99
-135.20	138.28
-170.93	58.84
-126.04	5.80
-123.16	76.42
-50.27	-41.86
-74.68	147.72
-125.97	164.00
-101.02	9.80
-78.77	146.69
-87.80	-14.37
-112.60	147.98
-99.95	123.01
-71.69	152.25
-117.67	152.84
-123.33	140.33
-53.37	134.00
-52.12	149.43
-51.24	133.24
-101.00	23.23
-60.35	150.33
-73.05	174.30
-119.53	99.52
-77.53	-14.62
-105.29	116.95
-58.37	-19.21
-44.91	-63.55
-163.56	152.86
-91.76	158.12
-103.22	138.01
-149.18	158.14
-157.25	166.46
-116.18	153.28
-130.30	102.15
-132.70	96.36
-60.64	-39.18
50.48	60.03
-61.88	-34.81
-55.09	-43.17
-58.73	-45.60
-73.55	-27.31
-65.35	-41.72
-70.06	-42.94
-130.32	114.71
-168.56	161.18
-143.13	147.90
-104.41	128.10
-158.46	130.33
-99.71	6.56
-100.21	120.11
-142.05	124.41
-69.11	166.46
-67.38	124.43
-129.60	-6.39
-83.75	169.79
-72.78	-37.48
-85.75	128.28
-55.94	143.15
-132.57	103.49
-73.80	-28.33
-54.50	-47.39
-119.04	123.21
-123.16	137.75
-105.28	151.55
-124.06	160.12
-118.28	135.81
-63.92	-50.88
-140.59	151.12
-132.28	158.39
-58.29	-30.12
-65.13	-38.11
-86.01	111.90
-63.09	-7.77
-81.37	140.48
-111.43	152.16
-111.31	122.83
-92.98	120.51
-123.83	147.78
-69.56	138.14
-84.42	162.68
-170.02	105.86
-78.29	150.27
-141.29	154.15
-150.94	85.31
-136.67	165.68
-109.19	125.50
-104.69	-28.13
-121.56	-18.15
-67.63	-40.12
-120.10	148.27
-63.18	-44.71
-68.69	135.98
-78.71	-17.15
-73.27	166.01
-68.32	-40.51
-116.52	111.15
-80.62	152.70
-115.85	90.15
-110.56	150.10
-61.90	124.67
-128.15	113.37
-57.53	139.05
-92.16	94.45
-99.70	89.73
-108.16	124.37
-81.22	153.68
-149.72	94.24
-100.16	123.56
-56.09	-3.93
-138.75	165.38
-86.88	117.88
-160.95	171.63
-120.65	144.93
-58.49	-37.65
-69.55	131.88
-88.01	161.90
-55.61	132.46
-138.62	143.63
-137.15	142.37
-122.66	19.17
-62.19	128.77
-59.36	-48.11
-134.30	15.13
-104.00	111.38
-119.86	63.16
-152.79	170.97
-108.68	141.37
-57.70	-46.68
170.21	169.22
-82.30	-3.45
-82.94	120.30
-96.29	139.59
-106.28	136.34
-118.60	147.48
60.67	30.57
-86.53	140.17
-126.35	139.28
-56.71	-47.99
-133.70	161.21
-65.03	-22.12
-110.01	162.21
-111.92	11.97
-118.53	165.22
-115.51	155.18
-55.42	-39.81
-61.14	-35.69
175.20	150.13
-143.02	141.02
-134.91	137.42
-122.99	148.02
-54.09	-36.75
-63.93	-29.68
-67.38	168.31
-77.09	143.63
-61.40	-42.85
-63.90	-38.43
-120.41	-179.59
-159.61	162.50
-154.29	120.83
-157.22	174.96
-137.18	148.22
-61.91	173.48
-164.86	115.48
-70.83	-38.59
-80.50	-23.78
-82.78	46.49
-85.06	-28.04
-69.86	-40.39
-65.60	143.13
-128.67	168.55
-71.32	-21.68
-118.57	156.13
-124.31	160.91
-126.53	147.34
-68.32	142.11
-136.80	159.30
-106.03	144.23
-104.10	140.39
-76.58	-22.69
-122.97	154.08
-157.14	156.02
-66.48	-15.73
-80.21	-19.08
-64.07	-38.09
-145.09	97.27
-87.28	-21.70
-93.36	141.21
-63.02	-27.26
-75.92	-19.41
-156.75	164.05
-51.54	-45.67
-61.20	-42.18
-107.46	96.24
-126.69	130.48
-66.46	126.29
-131.76	143.73
-129.40	124.28
-149.15	167.42
-67.22	-38.16
-94.48	-13.98
-131.84	154.40
-166.70	161.47
-124.74	-0.80
-131.60	43.48
-68.12	121.15
-92.63	132.44
-121.34	146.09
-124.72	58.14
-128.99	138.15
-87.70	58.83
-131.90	138.69
-82.23	56.85
-129.19	136.83
-92.53	65.01
-130.27	136.03
-86.84	70.58
-131.58	106.64
-79.91	155.85
-104.69	99.90
-94.68	-36.87
-71.47	-44.87
-126.84	136.22
-57.80	-50.23
-94.92	-49.84
-80.27	-3.24
-166.28	168.62
-74.98	-10.36
73.79	20.94
-73.07	-25.22
-97.63	160.54
-73.18	102.93
-121.05	165.55
-125.01	149.75
-111.38	151.04
-133.40	164.17
-89.57	117.46
-106.43	127.72
-82.08	160.27
-58.01	-43.09
-129.92	128.69
-157.65	174.74
-127.93	20.31
-64.09	-39.37
-174.44	134.58
-56.15	-47.36
-68.73	-45.79
-62.81	-36.36
-70.24	-59.12
-97.29	110.67
-70.53	-30.91
-85.41	-30.43
-67.40	-37.31
-75.32	-12.91
-68.16	-37.94
-61.06	-38.58
-69.44	-27.73
-67.26	-33.65
-146.19	158.07
-131.03	94.15
-74.45	162.22
-105.32	149.76
-116.80	136.76
-179.44	166.71
-163.70	152.71
-130.17	135.86
-89.55	-178.66
-117.24	154.28
-119.47	97.30
-67.46	136.39
-119.37	161.95
-122.86	129.76
-116.21	-163.44
-65.07	-37.29
-86.85	-33.73
-141.51	161.15
-135.51	164.01
-129.95	162.10
-128.85	162.48
-111.87	143.29
-112.68	26.20
-92.46	143.92
-101.92	139.29
-94.48	148.83
-157.17	124.11
-118.59	140.90
-149.26	161.21
-80.69	-19.19
-115.85	142.43
-128.70	133.62
-141.93	165.92
-125.90	141.52
-63.01	-43.96
-154.41	163.93
-92.57	8.40
-132.83	-132.88
-67.86	-39.16
-141.25	66.71
-162.36	130.01
-56.99	-48.00
-86.86	-9.81
53.21	65.73
-95.58	-30.55
-128.13	145.44
-67.84	-31.61
-76.75	124.64
-107.23	-18.75
-73.56	-86.15
-77.12	138.77
-75.40	-53.25
-72.57	135.46
-105.28	37.03
-112.19	161.17
-101.29	-0.05
-140.02	-35.93
-66.48	151.49
-56.62	-46.38
-71.95	-22.36
-89.21	-167.84
-144.71	117.21
-156.52	116.46
-91.58	-39.67
-77.07	77.80
-89.36	162.28
-163.59	153.03
-136.15	112.86
-84.37	176.22
-115.27	114.74
-55.17	140.79
-148.53	164.41
-95.93	129.51
-65.07	-49.15
-132.77	153.09
-57.83	-37.93
-123.37	-29.80
-117.85	131.10
-100.05	9.71
-108.89	127.99
-65.72	-63.38
-75.35	140.91
-88.06	-15.07
-85.12	170.85
-56.30	-36.63
-123.01	118.58
-89.28	62.03
-63.22	-14.39
-112.61	157.81
-90.77	-26.14
-148.32	179.57
-67.81	126.03
179.25	171.63
-162.05	149.04
-99.48	125.64
-75.68	-37.10
-112.98	18.21
-65.15	-38.52
-124.45	124.57
-107.43	-2.92
-136.02	156.02
72.32	7.90
-97.85	146.11
-106.61	12.83
-127.32	147.69
-95.92	141.44
-145.73	147.57
-68.69	130.96
-168.10	-174.75
-104.36	155.15
-82.07	108.72
-79.46	113.69
-78.33	110.81
-134.94	117.04
-85.03	149.74
-64.04	148.80
-171.97	163.48
-118.51	136.41
-84.34	122.69
-139.86	168.56
-152.08	59.41
-89.89	109.79
-81.99	64.61
-100.33	135.61
-99.43	123.48
-72.61	-46.72
-129.67	134.43
-61.58	-12.70
-109.47	149.61
-113.57	127.99
-61.00	-53.80
-94.33	170.29
-140.84	79.10
-151.09	-179.35
-127.06	70.72
-47.78	-48.86
-75.73	-41.54
-111.89	20.96
-81.02	140.99
-54.10	-27.20
-85.06	-53.57
-140.49	89.56
-62.79	-27.33
-90.47	-10.21
-92.00	143.00
-134.06	140.74
-71.78	-27.48
-153.41	132.00
-72.42	-5.93
-83.70	-16.99
-77.44	143.36
-142.56	158.83
-101.53	-23.71
-84.02	122.00
51.11	50.14
83.00	-16.28
-49.28	165.11
-118.74	155.18
-135.26	144.76
-60.22	136.64
-94.67	139.16
-117.19	123.16
-82.78	140.53
-79.60	161.17
-45.99	-177.62
-70.65	140.67
-79.52	127.93
-118.08	-168.37
-87.95	144.24
-112.83	129.80
-60.45	156.02
-51.51	105.57
-106.32	156.70
-120.05	178.16
-50.81	123.47
-138.67	161.85
-86.54	-18.63
-125.98	177.17
-117.92	-179.57
-119.99	151.23
-152.25	-172.52
-124.81	111.32
-92.01	131.75
65.67	22.37
-125.38	29.92
-111.80	29.12
-68.96	-35.72
-66.47	-39.49
-63.82	-36.25
-151.46	-63.85
-85.25	115.25
-67.01	-36.19
-69.88	-72.31
-82.60	-46.53
-75.84	115.54
-82.27	176.35
-73.39	68.10
-66.31	143.67
-50.08	-33.74
-103.84	146.05
-50.36	-45.19
94.76	-105.40
-87.04	-17.81
-100.22	156.96
-134.38	-169.10
-65.94	-47.63
-123.62	158.55
-123.16	160.74
-145.00	141.08
-129.94	-19.88
-68.07	145.05
-111.35	110.09
72.35	5.57
-60.52	133.53
-108.84	99.35
-95.31	160.09
-140.79	74.74
-66.86	-33.33
-107.71	133.67
-151.28	133.00
-114.19	-10.10
-77.43	141.11
-134.89	160.76
-102.59	18.02
-133.46	68.67
-97.92	-13.42
-71.35	119.18
-105.44	127.67
-164.02	133.90
-87.66	-21.63
-118.60	-159.01
-67.67	-17.20
-75.41	167.96
-94.71	131.03
-136.49	151.28
-59.22	-48.12
-112.11	-9.20
-151.65	179.04
-152.16	107.63
-116.01	144.23
-61.89	-26.54
-46.92	123.45
-88.28	-2.57
-52.90	-43.78
-125.62	90.57
-149.09	80.41
-49.33	173.41
-155.82	111.59
-49.41	108.89
-98.30	-178.94
-85.47	126.97
-63.46	125.66
-145.71	153.21
-135.44	157.32
-136.04	122.54
-100.52	122.77
-88.88	120.33
-135.70	156.94
-123.22	150.83
-155.01	117.38
-53.81	-46.83
-64.76	-19.17
-155.32	170.18
-131.90	168.39
-64.03	-36.11
-117.21	114.52
-65.09	-46.14
-63.64	-43.06
-63.85	-43.94
-100.95	16.84
-61.43	-41.98
-67.80	-39.57
-125.89	142.08
-101.16	121.32
-56.68	126.76
-44.87	-50.79
-74.78	79.60
-117.63	138.56
-111.97	127.06
-89.61	131.95
-120.54	149.96
-134.74	132.39
58.76	40.44
66.27	25.62
-109.86	169.74
-153.27	155.35
-71.85	121.73
-60.39	132.92
46.55	49.11
-91.19	138.46
-124.40	141.27
-106.32	139.44
-93.15	-18.20
-132.65	65.93
-58.45	-46.79
-124.06	141.45
-47.03	147.91
-159.26	155.12
45.25	52.66
-111.49	143.12
-170.65	161.39
-123.03	152.51
-123.18	155.53
-78.35	-19.01
-130.73	146.97
-95.18	101.07
-63.52	-49.33
-66.04	144.45
-130.42	125.40
-69.37	142.90
-131.29	169.39
-133.98	122.31
-66.35	-26.12
-71.07	-46.39
-44.65	-56.26
-55.54	-44.62
-125.68	79.18
-64.76	132.90
-72.50	107.68
-63.45	-34.44
-72.27	-8.53
-52.20	-40.39
-101.36	-35.04
-57.81	-45.16
-72.75	153.07
-58.54	-17.01
-113.67	31.93
-51.26	-45.77
-116.65	-24.77
-63.75	-36.02
-127.98	-34.96
-58.97	-27.65
-102.96	-34.13
-49.02	-48.72
-125.54	-2.37
-65.33	-44.51
-65.91	-38.87
-58.47	-23.00
-143.86	165.34
-109.93	-58.82
-66.40	-42.24
-155.49	171.93
-138.36	143.58
-102.63	130.97
-115.63	164.77
-145.14	174.47
-158.77	165.32
-81.77	108.06
-103.83	133.94
-104.10	121.44
-76.96	161.14
-84.81	-9.78
-138.26	165.05
-107.89	-40.33
-145.32	126.23
-105.98	-4.44
-114.44	131.65
-122.72	129.46
-83.88	112.81
-89.15	153.85
-156.68	165.04
-65.31	126.65
-47.45	137.68
-76.69	-13.99
-160.32	166.29
-75.98	128.15
-83.73	124.24
-151.84	159.85
-43.59	131.57
-127.97	21.26
-117.36	157.08
-122.33	-3.17
52.35	38.76
-155.31	165.08
-74.06	-40.88
-61.52	-43.68
-137.36	145.39
-84.88	166.63
-122.96	152.93
-82.77	102.72
-112.95	123.11
-75.20	165.42
-87.10	153.01
-81.50	119.53
-113.01	112.36
-89.54	-10.55
-75.53	-8.11
-126.66	-16.86
-62.87	-52.45
-61.86	-40.67
-49.20	-52.73
-97.58	-47.33
-49.20	-31.82
-127.07	-34.54
-52.86	-29.25
-120.83	-14.98
-72.20	-44.06
-62.92	-48.00
-47.28	-54.35
-105.10	-26.81
-97.24	-42.03
-104.20	-53.96
-88.19	-34.70
-129.65	-54.42
-55.73	-57.27
-63.50	-33.12
-107.84	-39.20
-73.78	-51.28
-56.80	-43.34
-93.06	-45.36
-55.35	-42.08
-122.71	-39.21
-64.98	-45.46
-129.58	-20.01
-63.16	-58.27
-65.87	-40.43
-49.19	-53.30
-101.52	-32.43
-115.42	120.84
-96.31	-11.44
-101.55	18.14
-92.04	136.16
-84.11	133.20
-65.46	148.31
-87.32	167.02
-101.41	-19.68
-107.41	6.25
-138.35	118.13
-105.96	131.16
-114.64	118.38
-143.95	116.66
-59.02	-49.89
-68.56	-29.32
-64.99	-32.33
-146.41	141.43
-135.89	135.51
-62.28	-37.56
-70.41	-42.14
-110.02	-19.58
-49.70	-43.93
-109.58	-32.70
-70.61	-40.92
-51.10	-43.20
-92.32	-50.68
-124.29	143.69
-141.41	111.52
-121.09	141.15
-152.88	144.79
-134.70	115.83
-151.36	100.34
-157.62	170.99
-61.24	-41.02
-86.53	-36.91
-94.32	44.37
-42.65	-47.42
-56.09	-47.92
-70.36	86.51
-47.47	-43.54
-64.43	135.55
-139.12	147.37
-108.66	144.99
-120.98	155.38
-61.87	-38.22
-70.07	-49.10
-64.45	-40.10
-68.48	-51.82
-63.11	-42.53
-56.65	-47.98
-45.77	-58.77
-97.98	169.40
-74.81	130.71
-63.03	-47.72
-80.65	79.05
-85.16	128.90
-161.91	151.85
-148.34	129.01
-60.13	133.45
-121.15	152.41
-113.11	22.62
-56.16	-51.08
-104.56	133.17
-125.11	126.79
-108.21	108.21
-70.09	-46.78
-61.73	-42.53
-59.73	-42.50
-65.68	-42.73
-50.24	126.37
-131.53	119.61
-151.09	160.92
-143.00	165.70
-93.25	127.57
-65.02	-16.23
-139.52	163.98
-62.72	132.16
-68.90	-54.24
-80.94	6.37
-93.49	171.44
-80.55	127.40
-80.95	-25.98
-98.55	4.90
-74.86	137.00
-53.76	142.97
52.18	51.41
-166.15	126.07
-58.28	-36.90
-55.43	-66.64
-43.77	-60.09
-70.09	-32.30
-63.65	-39.08
-52.66	-42.51
-45.42	-1.43
-90.32	-9.60
-60.87	-44.34
-68.73	-46.57
-65.17	-45.25
-68.47	-44.18
-70.86	-46.99
-62.70	-56.41
-56.95	-34.68
58.26	-168.62
-69.31	140.91
-112.72	119.36
-63.15	-43.23
-61.41	-44.96
-60.59	128.47
-56.22	-34.47
-150.92	70.22
-85.82	151.28
-61.50	-41.77
-135.47	176.60
-68.96	-45.53
-62.54	-37.25
-101.97	130.33
-81.49	-38.26
-138.77	154.93
57.83	-110.68
-61.76	-53.67
-64.33	-20.32
-114.12	2.74
-58.14	-36.79
-93.20	140.25
-135.67	135.20
-146.74	168.65
-75.42	-26.07
-51.96	-47.38
-82.17	155.80
-73.20	-20.32
-131.07	151.28
-42.19	-26.36
-63.15	-47.12
-162.90	-175.78
-62.29	-38.60
-89.22	140.29
-120.84	131.02
-135.98	144.38
-65.94	-42.26
-90.79	130.62
-86.46	145.88
-131.07	128.43
-111.28	142.88
-54.37	134.06
-148.05	132.95
-131.26	142.79
-131.97	134.27
-56.75	-47.20
-151.30	105.04
-141.88	111.82
-69.92	-48.82
-80.83	-179.11
-118.13	-0.48
-148.10	159.10
-72.71	131.72
-104.27	172.86
-107.72	149.05
53.34	53.36
-77.09	131.57
-113.36	139.68
-67.08	130.00
-127.10	-8.79
-71.21	129.72
-98.41	-8.94
-99.67	119.34
-90.57	127.30
-94.86	104.73
-62.42	152.87
-88.10	131.24
-152.63	132.49
-51.48	131.50
-98.59	138.77
-131.13	93.65
-164.73	149.81
-63.92	-37.92
-133.24	77.86
-134.78	172.38
-146.76	131.55
-111.75	120.45
-87.76	138.04
-109.87	92.46
-112.47	122.73
-80.30	149.81
-128.28	118.90
-130.77	119.60
-128.59	126.79
-97.91	114.63
-134.56	173.17
56.56	40.12
-60.85	-17.10
-61.71	-44.19
-75.50	111.58
-62.69	-40.09
-125.44	131.52
-57.10	134.00
-157.32	169.31
-98.89	6.56
-73.93	-35.82
-128.72	158.17
-74.35	-12.84
-64.46	130.88
-63.42	-44.85
-65.01	-41.28
-66.26	-40.19
-163.33	121.84
-130.93	8.27
-56.82	-53.61
-110.67	12.97
-123.82	149.87
-109.97	134.06
-103.93	-66.92
-113.37	132.78
-78.27	122.13
-141.63	170.86
-149.97	174.09
-50.67	-47.38
-66.33	-38.61
-57.63	-17.88
-159.19	170.54
-70.85	146.17
-57.78	131.80
-169.26	157.85
-84.14	157.62
-63.72	147.40
-114.95	145.83
-63.70	-49.29
-58.23	-43.64
-75.10	133.25
-111.89	129.74
-148.72	176.85
-63.09	-30.73
-124.54	-16.95
-154.68	-178.02
-98.98	117.75
-60.14	-38.04
-127.41	125.22
-76.95	-6.60
-114.11	120.46
-127.22	-6.93
-91.61	4.60
-80.30	141.53
-91.04	107.78
-67.90	-44.23
-87.32	135.82
-76.06	127.61
-63.01	167.54
-69.47	-52.09
-49.70	-30.91
-125.66	157.76
-117.35	153.42
-48.75	-56.00
-106.61	133.34
-128.90	149.61
-140.45	138.99
-77.47	143.39
-148.88	154.03
-144.79	66.65
-153.78	167.11
-91.59	136.85
-131.16	114.75
-100.49	118.08
-103.13	112.62
-92.47	167.11
-61.75	-53.80
-67.53	-13.06
-121.55	25.00
-59.51	-45.60
-103.55	-29.27
-68.20	-41.31
-64.18	-36.16
-166.71	146.92
-100.46	120.34
-152.66	175.08
-99.55	131.34
-138.83	155.14
-92.65	66.58
-124.52	167.09
-137.32	122.35
-135.72	128.86
-91.90	133.28
-128.12	94.51
-108.31	132.14
-106.97	118.86
-127.52	168.23
-82.06	-22.67
-74.08	137.67
-118.53	112.73
-85.24	149.23
-120.35	165.50
-113.71	137.24
-73.88	136.42
-104.58	10.25
-72.44	-15.76
-63.35	-35.84
-122.05	126.10
-73.27	156.84
-64.17	-43.38
-110.52	-24.25
-64.50	-28.85
-153.55	163.81
-64.91	150.65
47.91	61.83
-84.59	87.55
-62.05	-42.99
-56.95	-41.56
-60.52	-45.11
-109.85	-133.05
-165.03	161.23
-128.14	125.96
-59.00	136.89
-95.40	-9.45
-73.25	-38.06
-63.19	124.10
-68.08	-30.63
-155.65	134.07
-155.15	173.19
-36.41	-62.61
-74.75	-36.38
-140.24	158.57
-59.92	-29.99
-109.83	112.03
-54.26	-51.89
-61.50	-29.88
-119.03	7.80
172.53	141.35
-141.10	137.91
176.07	138.12
-47.85	148.29
-142.40	139.34
-57.85	-25.25
-105.36	0.69
-47.25	-44.62
-99.85	139.56
-151.90	135.92
-148.31	161.87
-72.46	-37.17
-68.57	-40.44
-68.41	-28.65
-72.33	-19.31
-165.50	146.85
-148.49	113.91
69.26	14.81
-120.04	39.89
-66.53	-73.27
-63.95	-19.30
-169.19	152.81
-131.99	143.26
-57.43	-36.39
-106.82	140.07
-134.30	131.26
-147.85	171.95
59.52	25.05
-159.39	165.73
-146.96	150.51
-72.41	-17.19
-71.30	-9.30
-118.35	58.67
-67.62	-42.61
-80.83	108.77
-49.90	-43.57
-54.10	-40.93
-112.95	-53.47
-59.04	-35.69
-109.97	-125.89
-49.88	-56.46
-61.65	-41.41
-75.97	-22.42
-78.25	-57.82
-53.80	-48.02
-72.34	144.01
-115.33	139.05
-71.57	-15.15
-113.45	155.18
67.33	16.64
-158.44	167.92
-107.39	29.84
-120.70	130.13
69.10	14.00
-120.31	-7.37
-68.40	151.28
-106.27	105.88
-153.54	169.40
-128.30	151.09
39.18	-117.30
-99.05	-16.11
-148.63	120.56
-51.92	-52.83
-178.05	176.73
-73.06	34.24
-139.13	163.84
-169.04	118.60
-96.00	130.60
-100.50	172.24
-99.95	-20.03
-106.64	152.55
-147.53	140.40
-66.85	-39.08
-120.81	135.84
-144.25	153.23
-146.12	178.63
-99.56	104.42
-81.97	1.40
-99.19	-24.80
-114.30	153.13
-119.11	103.50
-69.28	-41.40
-73.13	-14.66
-147.50	145.27
174.95	173.60
-154.68	163.95
-66.49	-15.46
-62.29	-48.09
-53.86	-50.74
-87.45	-17.55
-71.39	-38.06
-58.64	-44.59
-80.13	-19.17
-53.58	-44.73
-56.55	141.96
-64.65	-24.91
-113.09	-14.13
-109.93	12.55
-87.95	129.18
-60.33	-49.84
-70.84	-40.47
-109.40	15.52
-163.33	154.31
-57.15	-51.17
-52.83	-49.85
-162.96	152.93
-62.51	-37.04
-146.51	156.56
-62.06	134.89
-62.99	-39.80
-135.88	30.83
-62.98	-51.88
-71.22	-22.38
-39.33	122.56
-67.59	-37.56
-126.13	-13.98
-60.91	-37.77
-52.14	-53.41
-74.52	-54.90
-65.63	-40.26
-115.41	145.40
-118.66	124.38
-66.29	-49.24
-63.56	-37.83
-80.08	18.03
-155.93	147.14
-129.78	166.50
-147.11	127.26
-57.23	-43.45
-99.26	-72.68
-68.13	-37.05
-75.02	152.50
-126.42	132.76
-141.37	146.30
-167.66	177.23
-118.04	128.67
-61.98	-39.13
-119.22	-47.97
-111.36	142.15
-73.64	-43.34
-67.92	-41.16
-138.14	144.02
-79.99	118.06
-115.70	175.50
-37.53	-62.06
-52.82	-29.44
-135.10	20.02
-109.77	85.66
-156.01	161.25
-161.78	171.83
-65.90	-43.39
-70.53	-36.55
-62.58	-37.51
-65.72	-33.78
-62.68	-39.50
-59.27	-43.98
-78.80	100.12
-71.29	-49.67
-137.12	157.37
-135.52	157.65
-128.62	-161.61
-125.95	117.52
-140.63	178.07
-151.96	163.49
-156.21	112.19
-56.71	-55.31
-128.94	149.98
-55.48	135.27
-86.97	166.58
-122.63	143.01
-100.84	152.82
-89.70	115.16
-140.07	169.02
-60.00	135.47
-65.43	150.31
-80.29	131.57
-72.15	-50.25
-66.36	148.86
-93.15	168.40
-65.01	-43.41
-70.54	-41.23
-75.65	-39.19
-74.66	-8.63
-96.09	131.89
58.35	45.80
-59.58	-33.90
-117.20	-40.29
-47.26	-45.28
-114.31	-40.43
-69.64	133.40
63.45	77.37
-58.67	-45.55
-50.52	114.48
-81.73	132.52
-84.78	-9.09
-63.24	-46.33
-79.50	105.59
-128.72	117.13
-57.58	-36.73
-167.18	154.63
-127.84	-48.09
-165.22	170.86
-88.52	121.45
-124.01	111.72
-165.06	167.64
-131.84	143.07
-114.56	147.76
-96.40	129.06
-74.18	-10.74
-93.36	6.10
-79.50	11.21
-103.47	150.79
-167.30	117.35
-65.03	-45.43
-68.14	-41.92
-77.81	1.20
-87.95	-19.30
-122.59	-9.32
-75.97	93.41
-69.67	-18.68
-64.38	125.14
-66.80	-51.79
-72.19	158.03
-134.87	163.10
-69.54	-36.57
-112.05	23.34
-141.71	45.52
-145.11	163.63
-71.20	-40.22
-143.30	149.31
-126.03	156.47
-67.25	-42.07
-111.35	141.54
-77.11	118.56
-124.23	-3.00
-63.59	127.36
-107.94	-4.53
-138.10	117.69
-66.68	-16.62
-178.28	107.61
-136.14	75.91
-129.12	168.56
-62.32	-33.36
-62.91	-37.44
-78.77	130.30
57.41	100.01
-83.29	80.39
-71.96	147.81
-79.01	117.77
-61.35	138.38
-93.03	110.96
-169.65	157.48
179.27	-172.01
-92.07	158.21
-86.80	68.00
-77.70	-6.20
-108.82	151.56
-138.72	164.75
-66.07	-28.67
67.25	21.93
-135.65	45.27
-64.79	162.56
-142.52	111.08
-57.09	133.78
-124.00	-6.44
-107.77	119.10
-137.82	5.11
-113.31	161.48
-63.32	-45.90
-59.97	-45.68
-71.23	-36.87
-154.14	178.09
-127.14	127.22
-118.61	156.65
-82.98	130.20
-97.86	165.21
-63.09	-48.26
-120.70	129.87
-105.90	131.86
-138.03	147.11
-61.92	-45.16
-137.50	144.88
-56.66	-49.06
-102.40	121.46
-101.28	137.09
-126.95	114.81
-121.65	137.22
-65.51	145.18
-122.64	150.74
-68.03	-32.42
-79.71	142.77
-162.25	173.41
-53.06	-45.52
38.56	51.43
-137.86	139.25
-119.17	105.35
-115.09	7.10
-98.67	-1.97
-90.11	5.69
-61.94	-50.77
-69.79	-33.78
-64.86	-47.20
-59.25	-43.57
-134.55	120.27
-124.21	122.78
-148.26	125.33
-119.58	83.23
-65.26	-43.60
-49.84	-50.39
-143.60	137.42
-124.96	124.37
-70.70	0.34
-140.20	144.47
-100.51	129.33
-64.19	-37.05
-113.14	154.53
-121.09	136.81
-65.31	-13.30
-54.39	-19.01
57.38	13.43
-67.08	-176.49
-149.48	145.68
-149.36	136.84
-144.74	133.44
-62.10	-36.12
-88.02	-27.92
-64.44	-23.52
-79.86	-5.69
-73.51	126.69
-79.01	-19.47
-68.55	-27.73
-72.61	116.22
-92.54	125.86
-49.21	-52.75
-51.29	117.24
-95.64	-49.95
-138.81	171.05
-172.00	116.41
-116.83	156.61
-111.56	116.69
-68.88	-38.53
-66.83	-45.14
59.29	28.96
-133.98	164.10
-76.66	5.85
-92.15	148.19
-111.17	159.88
-129.20	142.53
-139.71	104.43
-101.18	164.99
-59.02	-44.14
-120.07	136.32
-172.36	163.52
-67.21	-41.12
-101.45	-12.47
-99.46	110.95
-67.92	-38.25
-110.56	125.58
-77.31	118.25
-149.81	61.30
-121.26	127.78
-110.82	138.59
-144.83	155.21
-120.14	142.99
-67.45	-44.66
-68.03	-34.01
-64.08	-36.50
-60.62	-39.94
-62.28	-40.25
-72.99	-39.59
-65.76	-44.71
-61.20	-38.81
-111.29	146.82
-37.03	139.53
-88.63	143.64
-120.81	152.69
-80.36	-38.48
-87.30	123.06
-65.26	-37.31
-107.00	149.81
-68.82	131.30
-130.87	139.06
-66.85	132.04
-96.31	144.29
-67.02	124.76
-93.79	-13.45
-77.35	140.56
-176.73	59.50
-124.28	8.25
-108.43	123.23
-112.86	129.16
-49.28	-51.96
-71.79	-56.30
-80.31	156.12
-127.14	162.99
-82.61	146.41
-134.53	172.34
-104.53	128.73
-60.86	-41.08
-134.43	154.89
-62.97	112.52
-88.95	41.99
-109.76	25.07
-52.92	-45.78
-73.29	-21.01
-102.23	160.24
-88.20	150.08
-113.64	155.06
-61.51	-43.84
-75.81	109.88
-134.46	163.12
-133.42	155.14
-120.41	153.68
59.38	31.50
-69.16	-38.01
-67.87	138.19
-74.88	134.54
-76.27	-21.27
-63.46	-36.12
-61.68	-52.32
-100.09	126.83
-45.38	136.12
-58.90	144.77
-63.81	-50.00
-59.40	128.60
-76.33	130.50
-71.43	-29.23
-62.54	-28.12
-73.19	121.90
-56.67	129.49
47.69	52.48
-67.69	-37.21
-41.58	107.72
-58.37	-56.13
-65.15	-40.87
-95.96	174.01
-167.35	178.41
-107.47	109.65
-169.60	154.63
-56.10	140.92
-79.37	140.31
-126.55	117.77
-76.96	163.37
-99.80	20.03
-135.23	136.82
-106.22	12.62
-89.69	107.79
-99.56	114.11
-90.52	126.94
58.70	35.81
-109.84	17.40
-71.11	-12.73
77.61	171.68
-92.24	149.52
-135.99	152.38
-55.02	-45.00
-114.26	-20.10
-90.13	-2.01
85.19	-21.29
-156.81	155.30
-62.95	127.60
-75.22	173.88
-61.11	-47.14
-60.86	-27.51
-63.05	-36.62
-88.11	176.26
-63.98	-43.00
-108.06	-172.16
-73.68	153.82
-67.71	135.63
-154.71	174.90
-62.03	-45.24
-112.50	123.84
-133.60	161.77
-113.60	0.73
-75.84	112.81
-64.51	-29.52
-115.21	9.01
-56.88	-48.99
-161.99	171.16
-69.20	-35.72
-89.87	123.08
-102.04	119.56
-110.86	145.75
-117.83	137.41
-68.63	-39.77
-121.95	103.90
-106.56	122.94
-138.96	158.75
-99.23	111.77
-105.66	2.03
-124.07	116.09
-88.78	117.25
-135.11	133.63
-64.95	-41.84
-165.47	175.39
-123.48	100.36
-134.01	104.06
-71.32	116.95
-121.60	128.25
-84.06	119.24
-165.47	113.65
-98.92	152.04
-71.24	-26.09
-98.48	-3.10
-56.88	-30.88
-74.12	-34.82
-74.33	11.85
-97.21	-31.48
-79.17	38.04
-147.40	175.45
-76.56	-9.52
60.14	62.61
-59.08	-42.07
-74.83	107.86
-94.60	5.38
-69.43	-47.44
-90.93	157.60
-127.17	134.83
-67.75	110.67
-66.60	139.11
-155.51	146.51
-87.17	-21.96
-56.50	-48.91
-78.31	-0.42
-61.32	-49.79
-92.68	1.95
-96.03	-7.74
-156.23	169.34
-55.85	-44.57
-53.91	-64.29
-47.85	127.69
-146.51	103.61
-63.85	-49.65
-56.94	-46.76
-53.75	-69.19
83.86	-7.67
-95.92	-76.07
-58.60	-43.16
-69.76	-42.00
-106.20	6.38
-65.26	-12.93
-90.10	149.34
-138.14	154.99
-114.59	124.08
-63.98	-41.47
-68.73	-24.65
-77.24	126.78
-102.97	16.09
-82.03	-78.80
153.50	-21.78
55.81	7.88
-71.85	-41.30
-55.99	107.97
-93.60	-12.52
-54.25	-10.27
-91.96	115.28
-95.59	126.84
-148.63	156.37
-114.74	149.12
-91.96	34.60
-71.28	-41.57
-66.89	-51.58
-119.65	114.46
-55.22	-46.01
-64.36	-35.92
-133.15	161.56
-120.24	29.34
-69.54	132.09
-90.35	152.60
70.30	3.76
56.48	32.98
-58.11	132.05
-77.96	171.28
-107.48	130.69
-78.94	114.54
-64.28	-40.64
-62.80	-29.41
-48.22	128.16
-154.11	131.61
-171.02	119.57
-71.25	-42.98
-112.99	-4.56
-50.37	-14.65
-88.26	112.84
-59.58	-36.76
-66.22	-28.63
-73.31	-29.74
-57.25	-33.32
-118.58	177.87
-132.28	175.49
-85.72	138.66
-142.40	127.38
-66.08	165.49
-134.51	7.65
-56.94	-39.04
-108.93	16.62
-62.33	-47.05
-78.42	-35.25
-54.65	-48.13
-95.92	135.77
-57.59	-46.23
-64.13	-29.02
-61.98	-29.53
-178.44	162.14
-91.80	-0.73
-78.58	-33.37
-72.50	-29.81
-119.11	101.15
-136.65	111.77
-78.96	-47.22
-68.76	142.38
-119.52	96.81
-77.04	121.35
-104.29	154.65
-76.52	-8.13
-149.76	143.82
-149.97	165.05
-148.49	166.02
-80.18	-12.44
-150.96	162.13
-91.43	132.62
-157.65	101.46
-91.10	126.36
-69.48	133.72
-141.12	-172.61
-86.40	154.24
-74.77	168.27
-86.75	97.57
-70.54	114.12
-60.01	-45.40
-74.03	151.05
-80.20	158.02
-90.80	87.59
-155.16	117.65
-115.74	126.78
-66.77	-34.31
-89.98	-1.56
-55.15	138.87
-152.91	153.35
-89.51	75.73
-64.06	144.78
-122.69	145.38
-75.46	147.49
-48.93	134.63
-169.58	-65.86
-93.52	76.16
-70.88	152.64
-141.76	165.26
-56.65	-42.95
-70.05	-18.24
-63.53	151.88
-65.75	-20.38
-83.33	125.85
-62.47	-41.23
-88.25	10.11
-152.88	167.48
-63.61	-49.40
-121.82	141.68
-59.13	-47.92
-63.41	-43.21
-110.96	120.22
-125.82	146.54
-123.59	-0.66
-179.59	160.42
-99.39	19.62
-59.26	-40.74
-67.15	-21.55
-63.40	-46.72
-150.27	157.19
-100.89	-8.19
-114.50	135.02
-99.49	19.32
-54.28	-44.00
-72.02	135.21
-129.65	167.11
-104.81	0.62
-119.20	21.58
-97.87	138.70
-70.92	-13.85
-125.82	-27.50
-120.81	-178.94
-62.22	-39.97
-40.02	-51.29
-104.51	33.34
-92.28	99.35
-78.93	91.10
-57.49	-49.40
-62.76	-33.07
-102.92	157.76
-59.60	-49.18
-58.17	-45.82
-166.98	142.60
-62.91	-47.66
-68.67	-29.53
-98.29	161.18
-135.78	96.36
-59.70	-29.66
-115.40	-26.89
-56.05	-45.61
-96.26	-42.95
-55.71	-40.70
-113.66	-48.82
-120.77	-10.33
-127.66	-15.43
-68.13	122.98
-68.10	-36.04
-54.13	134.00
-70.34	-21.85
-64.62	-38.59
-148.29	149.08
-170.19	175.19
-76.19	149.31
-78.99	-10.04
-125.84	102.14
-105.58	157.60
-96.51	6.64
-65.30	136.54
-98.99	109.91
-98.39	166.32
-120.18	152.80
-67.63	131.43
-43.83	-62.31
-55.24	-36.25
-57.59	-44.80
-148.33	163.23
-135.21	152.74
-97.59	2.23
-59.39	117.61
-140.06	151.58
-94.53	124.41
-60.47	143.11
-87.39	146.08
-85.73	147.81
-95.90	97.39
-150.77	157.22
-168.73	160.54
-69.59	-24.34
-69.20	1.49
-54.19	-30.96
-66.96	-21.98
-92.37	11.27
-88.46	155.25
-115.76	139.92
-98.94	129.61
-131.40	175.83
51.12	73.15
-142.76	160.34
-97.57	-7.86
-156.92	177.97
-84.35	139.00
-93.16	-5.64
-89.15	129.38
-53.84	-45.00
-67.18	-37.13
-61.33	-37.29
-60.05	-40.05
-162.65	166.91
-68.24	134.58
-66.58	-37.58
-55.69	-45.61
-61.32	-45.84
-57.07	-45.29
-72.88	154.51
-87.49	142.78
-51.61	-38.57
-67.60	-44.77
-108.46	-22.76
-79.06	2.50
-56.68	133.18
-64.19	133.72
60.49	19.92
-105.52	109.07
-70.43	-50.32
-102.76	16.27
-101.91	45.25
-150.27	162.13
-86.65	129.51
-86.81	135.87
-63.65	-47.47
-55.20	155.51
52.52	42.02
-69.37	158.16
-101.35	139.81
-62.58	-30.38
-82.21	123.36
-64.95	-40.32
-91.72	115.77
-81.26	114.51
-129.16	157.41
-58.97	121.81
-65.11	150.15
-72.05	-54.16
-98.16	14.76
-88.04	144.89
-56.12	-35.89
-146.42	98.78
-102.02	152.24
-145.08	126.51
-90.78	132.31
-139.46	138.63
-98.47	153.80
-125.11	125.10
-105.97	117.02
-120.95	28.71
-101.18	133.34
-133.80	119.03
-168.89	161.30
-73.64	146.45
-73.93	103.99
-58.58	-53.19
-104.31	164.05
-109.37	164.38
-84.62	2.60
-140.28	108.99
-76.40	138.71
-170.24	174.52
-96.32	-12.07
-67.15	-42.13
-83.99	-3.50
-141.43	132.78
-65.21	-25.90
-129.33	-6.60
-166.90	168.20
-27.53	118.71
-141.29	158.94
-61.22	134.43
-69.89	137.70
-121.45	116.21
-139.06	159.29
-56.54	-49.36
-149.75	126.15
-93.72	107.34
-159.68	178.26
-73.23	-20.89
-69.25	-40.42
44.44	71.22
-62.01	-46.43
-76.88	127.71
-132.39	124.38
-89.69	148.07
-114.49	108.43
-128.60	163.96
-139.61	132.19
-147.25	159.39
-118.53	146.97
-113.95	141.77
-60.06	-39.00
-65.02	-30.75
-120.48	154.21
-86.91	-25.97
-50.93	-52.35
-176.33	179.01
-71.07	139.07
-82.55	33.46
-122.81	5.98
-80.66	137.27
-86.88	-15.40
-67.95	147.76
-92.61	170.87
-76.17	155.55
-50.83	115.89
-96.40	154.06
-88.91	-32.69
-136.46	128.54
-131.35	150.49
-50.65	132.67
-47.92	139.07
-56.42	-44.40
-113.01	169.05
-79.08	85.88
-94.75	110.93
-89.06	116.54
-96.01	-4.79
-62.10	-37.51
-96.35	-57.07
-94.61	-45.88
-68.50	-10.41
-140.51	176.02
-141.76	43.22
-78.37	110.64
-57.26	130.08
-107.68	17.19
-125.64	-16.50
-58.22	151.27
-114.78	168.75
-97.18	166.90
-156.65	-177.59
-137.46	135.98
-160.14	177.32
-139.44	179.11
-64.29	-40.03
-63.12	-45.29
-69.79	-45.46
-57.61	-45.68
-120.27	165.77
-80.45	-6.64
-46.61	-60.33
-158.04	154.55
-99.81	124.97
-62.83	-55.79
-48.69	-42.03
-83.76	114.27
-67.08	-52.90
-123.14	-144.64
-153.86	110.33
-61.41	-47.30
-67.95	125.17
-90.04	15.00
-51.05	-45.04
-87.94	164.02
-78.29	149.48
-160.60	166.36
-153.14	127.29
-161.66	148.64
-144.76	59.29
-93.74	69.69
-92.02	146.14
-63.39	-42.38
-96.94	138.68
-161.89	173.93
-78.42	-28.25
-93.68	10.69
-79.81	-3.42
-72.30	-20.40
-85.04	-10.13
-131.80	133.94
-92.40	-40.44
-57.41	-44.34
-77.01	129.75
-64.83	-46.07
-68.49	-45.47
-58.72	-28.69
-57.88	-39.57
-66.58	-37.36
-125.82	153.72
-64.88	-37.36
-113.15	146.64
-73.21	-46.07
-59.50	-46.70
-49.50	-30.66
-74.94	-37.33
-96.33	140.95
-108.21	-83.01
-128.85	162.39
-74.86	113.81
-136.82	154.87
-61.74	-18.33
-73.73	165.77
-152.76	174.80
-101.35	148.68
-70.65	-23.23
-80.08	171.20
-61.86	-31.98
-52.72	140.45
-148.06	126.79
-50.57	-29.20
-154.80	-76.50
-119.72	149.43
-62.00	-39.69
-134.18	144.66
-79.07	-11.64
-81.41	153.64
-64.18	-52.15
-109.24	143.40
65.02	28.87
-75.75	146.04
-84.74	134.54
-137.70	135.33
-118.05	133.62
-145.21	-178.84
-64.54	-38.19
-82.62	155.68
-64.23	-23.93
-65.65	-35.95
-62.00	132.39
-88.87	-17.93
-101.75	130.85
-105.07	16.85
-159.05	60.10
-66.08	151.79
-72.35	-7.20
-91.17	156.40
-149.37	118.94
-69.19	-40.59
-41.42	-44.69
-48.39	-49.65
-76.15	-40.65
-58.48	-63.86
-55.70	-50.82
-142.59	160.92
-159.35	6.48
-59.55	132.50
-99.72	-26.73
49.88	41.55
-80.25	134.49
-163.84	-165.82
-130.45	131.86
-60.51	-29.57
78.33	21.18
-85.02	173.99
-110.09	117.82
-47.86	-8.97
-80.40	-18.74
-64.45	-38.01
-91.00	140.33
-100.06	100.02
-156.30	155.62
-66.19	-40.78
-64.32	-16.00
-67.99	-7.46
-66.67	-31.08
-61.05	-46.11
-111.95	128.35
-113.24	134.89
-64.98	-36.64
-135.89	152.14
-149.15	137.63
-114.20	15.37
-125.48	144.93
-54.61	-31.44
-77.06	-45.22
-134.15	173.19
-63.38	-38.02
-52.99	-40.07
-71.53	-30.30
-76.44	125.46
-122.81	101.56
-165.31	120.08
-64.58	-35.53
-65.43	-36.19
-65.14	-43.22
-71.05	127.99
-58.89	-32.40
-113.02	-10.09
-161.74	128.32
-59.73	-34.11
-116.61	159.56
-143.65	120.93
-71.77	-23.51
-62.79	-31.31
-124.98	145.36
-92.23	90.13
-94.57	56.71
-62.33	130.73
-67.09	-46.46
-52.91	-51.71
-96.94	109.91
-137.84	167.21
-59.42	-21.50
-96.01	-15.91
-113.79	161.18
-92.86	134.88
-90.97	110.79
-60.09	140.97
-106.02	135.59
-116.33	121.81
-57.85	-51.45
-74.44	-38.53
-59.61	145.56
-82.52	105.97
-95.58	-4.35
-81.06	-25.52
-58.52	-21.53
-64.28	-42.86
-105.17	138.04
-57.47	-43.21
-63.88	-38.57
-86.74	-14.83
-59.38	-32.68
-124.93	154.40
-151.88	161.51
-51.72	-46.11
-129.53	108.25
-123.55	124.43
-71.62	-35.83
-66.72	-16.19
-86.31	137.96
-93.44	-57.06
-118.30	127.84
-114.60	110.16
46.49	42.02
-162.05	176.86
-80.39	-33.76
-137.69	149.75
-105.73	135.09
-94.64	150.98
-129.56	165.68
-103.91	148.52
-133.07	67.21
-122.50	157.58
-70.39	-47.11
-112.82	120.79
-165.76	170.86
-148.42	131.68
-126.57	148.95
-71.38	-1.85
-64.74	135.96
-62.89	-50.77
-122.89	152.03
-151.74	-178.79
46.29	62.36
-92.00	157.17
-160.72	170.95
-114.07	144.50
-123.04	146.47
-113.87	95.02
-108.61	120.06
-63.97	-47.49
-136.17	132.39
-129.17	137.05
-121.27	116.12
-62.01	-43.40
-163.59	79.26
-83.90	112.54
-115.25	100.98
-111.81	129.03
-122.02	133.53
-82.34	116.92
-113.44	138.10
-68.25	-25.81
-66.08	-17.16
-59.69	-49.41
-54.68	-39.58
-62.10	-45.47
-134.72	151.68
-75.28	-38.37
-160.34	135.31
-99.82	-3.01
-72.56	1.34
-144.51	154.42
-137.77	7.02
-56.75	-30.25
-62.24	131.23
-56.49	147.20
-83.36	70.81
-129.72	64.02
-109.76	120.40
-64.69	-45.79
-117.12	118.43
-37.38	-51.26
-48.85	123.68
-147.13	22.57
-137.46	157.45
-59.01	-24.04
-124.13	170.43
-46.86	-18.66
-83.42	-62.78
-65.26	125.21
-88.52	112.90
-29.23	151.95
-59.37	119.62
-60.91	142.35
-86.87	9.28
-86.74	175.32
-113.30	136.49
-85.09	150.62
-55.81	-25.50
-119.83	150.30
-117.17	130.91
-118.49	126.24
-122.45	-172.65
-108.89	139.90
-143.51	173.44
-97.84	111.15
-64.02	-46.48
-59.89	-40.97
-102.85	152.04
-62.86	-40.40
-128.95	162.49
-75.49	-37.15
-72.69	-39.05
-52.57	-43.56
-173.77	151.61
-59.68	-25.07
-155.44	144.34
-117.56	158.10
-133.93	168.42
-95.53	157.26
-127.29	47.04
-104.18	12.56
-138.19	159.33
-118.69	134.91
-65.17	-48.59
-142.33	171.46
-115.21	135.72
-66.14	-11.82
-76.09	1.58
-57.07	-48.56
-146.81	169.39
-146.35	168.73
-57.23	-46.07
-73.94	-7.52
-79.60	169.30
-91.60	135.36
-81.43	136.73
-71.73	-50.34
-59.04	-25.58
-56.55	-57.62
-64.67	-52.53
-92.36	26.26
-91.73	-4.05
-67.56	-28.47
-125.60	144.45
-67.32	-2.18
-73.31	-11.53
-123.29	-43.74
-66.65	-29.32
-56.23	-45.61
-112.69	8.11
-65.68	-42.36
-59.41	-43.13
-82.08	63.63
-64.94	127.51
-64.36	144.23
-85.36	144.31
-67.75	-39.54
-71.17	-33.01
-116.36	135.31
-103.83	151.30
-61.06	136.29
-42.29	-29.46
-156.60	116.10
-55.14	140.89
-140.44	7.64
-151.11	146.05
-71.19	-16.99
-57.59	-52.06
65.42	47.92
-64.83	-24.15
-66.04	-38.25
-61.95	-45.25
-70.28	-39.05
-76.93	-40.05
-56.73	-46.37
-63.14	-46.19
-87.98	-26.58
60.11	21.36
-54.96	-19.32
-130.74	134.54
-127.29	127.03
-79.67	154.40
-161.02	155.70
-160.41	168.81
-134.04	135.61
-105.15	158.51
-105.09	130.76
-121.94	110.78
-119.58	151.69
-85.21	114.26
-69.36	-10.29
-74.05	-39.69
-67.03	-16.43
-83.84	-33.14
-66.40	-29.42
-116.97	115.98
-113.96	111.25
-141.12	103.45
-63.71	-18.62
-129.08	161.25
-158.73	-171.20
-57.95	-45.77
-140.79	134.31
-65.61	-48.11
-153.74	178.35
-157.27	147.61
-61.89	140.06
-68.92	133.96
-117.23	164.55
-56.60	-46.91
-74.45	-32.32
-63.37	-24.72
-121.28	135.96
-159.90	-178.39
-115.54	129.76
53.88	26.21
-62.66	-46.32
-59.86	-42.31
-133.39	120.17
-68.98	-37.59
-63.42	-47.00
-112.25	146.55
-68.58	-32.03
-60.32	-49.25
-50.99	-34.11
-145.61	125.62
-61.06	-40.98
-92.56	14.36
-127.13	80.68
-99.08	145.77
-126.24	154.60
-68.83	-61.52
-39.06	-62.05
28.14	157.34
-75.36	-13.44
-112.73	149.05
-110.05	125.84
-135.06	132.93
-111.18	145.03
-77.84	125.43
-71.36	-20.87
-163.46	127.60
-93.66	-4.29
-69.00	-40.63
-90.18	-15.32
-60.46	-40.18
-69.10	-42.18
-112.78	120.24
-157.52	155.55
-71.85	-22.02
-68.33	179.05
-70.71	-35.15
-124.92	116.70
-65.89	-42.72
-60.05	-33.40
-55.35	139.87
-124.44	165.57
-128.47	152.48
-92.32	119.29
-86.96	141.24
-102.52	-13.41
-95.29	130.39
-154.88	176.04
-82.34	-1.34
-105.12	133.38
-131.49	119.83
-104.76	130.79
-122.99	142.29
-71.34	-27.41
-70.77	-2.23
-58.59	145.70
-96.66	158.68
-56.34	143.79
-86.09	-42.31
52.92	52.62
-66.31	-42.71
-61.22	-41.08
-84.53	89.94
-170.00	127.04
-79.90	111.65
-130.86	-179.93
-137.62	-168.53
-85.05	97.66
-166.15	138.50
-41.20	119.75
-120.94	16.73
-144.64	147.47
-110.54	87.84
-66.01	-37.94
-121.77	132.09
-88.41	130.21
-100.25	12.08
-122.77	156.05
-156.40	-177.89
-59.84	128.75
-88.20	-7.43
-104.01	127.71
-89.93	-12.21
-61.55	-46.60
-65.80	-33.97
-142.59	65.01
-121.34	166.79
-98.36	146.28
-77.83	118.33
-57.83	-27.82
-142.89	144.83
-150.11	112.31
-61.91	-46.93
-135.13	160.93
-95.55	144.58
-152.03	136.47
-139.99	152.97
-89.39	139.38
-113.76	157.08
-153.95	159.95
-127.90	121.05
-105.05	154.15
-66.65	-12.01
-152.90	40.37
-102.83	148.22
-64.88	-36.97
-101.90	115.69
-63.04	-20.25
-140.73	178.92
-164.86	178.55
-66.24	-27.16
-62.35	-38.97
-123.41	155.91
-142.42	-173.91
-144.18	-159.90
-140.26	132.15
-125.42	116.30
-71.83	142.60
-60.24	141.04
-88.74	-40.12
-133.80	-179.52
-161.13	168.34
-82.31	149.27
-131.56	82.35
-143.85	154.34
-126.64	143.97
-62.39	155.35
-80.18	138.49
-65.15	-47.00
63.16	47.44
-81.61	121.47
-106.99	-10.01
-66.76	121.39
-121.61	2.17
-101.07	-13.15
-86.07	125.17
29.67	63.43
-59.02	-44.30
-101.98	11.47
-60.62	128.09
-62.22	-48.92
-97.31	-52.50
52.64	-126.27
-79.05	158.49
-61.53	-54.44
-149.59	135.08
-63.03	-21.01
67.02	-118.23
-87.69	149.61
-78.01	-36.40
-67.26	-43.80
-112.18	171.40
-60.43	-18.28
-108.11	159.42
-125.51	123.63
-147.22	173.66
-63.28	-25.09
-69.06	166.62
-122.36	142.24
-119.74	1.41
-102.50	134.53
-110.20	137.82
-163.90	146.42
-132.65	159.19
-168.28	151.04
-115.00	132.09
-142.75	147.13
-84.12	165.27
-68.52	125.87
-86.93	-13.93
-126.71	146.38
-67.04	153.99
-75.04	-41.51
-65.45	-25.00
-84.52	134.67
-66.34	-27.17
-59.61	124.69
-93.15	-2.39
-104.84	-15.15
-57.70	-40.04
-58.21	-58.25
-73.22	-54.09
-85.31	129.53
-64.30	-48.66
-60.05	-33.68
-73.98	54.62
-58.39	-54.19
-122.38	-15.84
-114.46	134.21
-138.52	168.97
-107.70	111.53
-88.83	8.96
-70.15	-4.33
-117.95	117.15
-150.83	169.20
-59.86	149.55
-117.73	138.69
-96.85	138.16
-56.20	133.20
-70.71	-44.85
-65.77	-34.96
-110.30	116.49
-71.46	-18.01
-84.04	0.14
-48.33	113.97
-63.94	-36.13
-140.91	122.81
-50.71	-47.29
-118.46	122.85
-90.62	117.34
-58.70	-35.40
-77.19	-46.96
-64.57	-41.63
-112.61	19.41
-96.49	168.10
-67.35	-46.31
-164.59	166.54
-104.01	21.57
-63.25	-42.59
-58.85	-49.00
-105.99	96.31
-121.79	102.96
-62.61	-53.43
-50.79	-44.58
-103.32	-28.35
-142.21	-179.99
-54.56	-34.37
-63.47	-39.45
-56.80	135.20
-154.93	152.56
-75.61	-34.81
-90.88	149.59
-115.50	141.07
-60.60	-37.08
-130.67	156.69
-66.63	-19.16
-106.33	152.91
-85.80	129.65
-99.88	159.08
-75.16	136.62
-125.77	-131.74
-61.01	-34.67
-165.48	174.57
-85.30	133.87
-115.68	129.47
-100.85	-15.72
-73.52	131.27
-66.43	-36.08
-74.41	124.29
-77.25	-38.25
-62.73	-43.86
-80.85	-24.53
-119.42	114.87
-121.01	114.81
-70.78	148.43
73.50	2.67
-76.61	-7.49
-53.47	-36.68
-68.75	159.87
-76.43	156.07
-65.04	156.38
-107.87	93.33
-112.76	-31.92
-89.57	-30.08
-121.13	-30.25
-67.63	158.79
-64.54	-16.60
-79.52	155.33
-99.07	-49.44
-129.96	128.15
-95.12	88.12
-61.26	-19.72
-87.69	-30.05
-65.98	-40.04
-42.43	120.32
-129.20	-5.68
-66.92	154.89
66.80	13.54
-100.97	162.68
-65.84	-36.22
-129.10	23.75
-56.88	-42.82
-65.50	-25.61
-122.89	120.56
-157.91	148.68
-58.41	-66.70
-90.97	88.84
-129.31	154.19
-94.69	44.01
-122.60	139.66
-115.19	145.13
-60.65	-46.83
-52.10	-42.40
-60.85	135.59
-54.92	-33.99
-71.19	122.02
-105.04	155.84
-115.21	114.93
-83.57	132.01
-116.87	153.00
-64.61	-42.39
79.30	140.59
-99.85	123.83
-60.20	-50.41
-139.88	70.47
-59.85	-33.54
-139.85	84.22
-80.82	159.50
-64.74	-46.13
-111.32	148.10
-63.35	-44.55
-66.13	-43.25
-73.55	156.70
-155.71	120.18
-58.25	154.21
-140.77	74.63
-69.83	-27.96
-83.71	84.16
-140.67	83.24
-67.58	-27.91
-56.82	-46.17
-126.82	73.80
-64.50	-24.28
-115.53	149.01
-122.88	143.64
-155.89	156.89
-110.20	69.26
-107.16	134.08
-60.46	-47.16
-71.43	154.85
-58.60	-48.44
-78.00	142.03
-151.96	139.21
-60.14	-44.12
-69.21	-60.49
-72.56	-55.82
-76.66	-55.89
-77.15	-54.36
-59.14	-48.47
-71.31	-47.99
-75.50	-22.92
-108.07	-16.76
-76.34	162.62
-132.21	162.22
-83.13	108.71
-107.20	134.41
-74.98	-27.50
34.82	-150.25
-164.86	159.38
-64.56	-40.82
-156.87	172.83
-136.87	163.48
-121.14	116.90
-138.94	167.07
-107.26	122.81
-138.37	127.62
-118.05	160.15
-65.80	-39.98
-55.53	-39.60
-62.86	-42.00
-59.00	-45.39
-61.05	-46.83
-124.78	129.61
-62.75	-47.08
-57.57	-47.48
-65.23	-35.23
-70.05	-38.59
-101.21	20.29
-69.23	-37.31
-78.81	163.69
-116.98	158.81
-85.95	143.26
-119.79	146.08
-83.99	93.04
-58.96	-51.75
-65.64	-43.80
-110.60	144.22
-146.88	168.48
-127.26	153.95
-51.63	-29.44
-165.21	174.73
-64.26	-38.94
-105.30	126.50
-61.96	-46.85
73.41	61.91
-140.48	127.94
-71.29	-28.16
-66.53	-42.41
-62.58	-44.34
-61.30	-35.64
-136.08	170.88
-59.03	120.23
-37.37	133.09
-64.98	167.27
-85.91	85.14
-109.72	21.30
-132.34	156.28
-106.13	117.31
-61.79	-46.06
-64.01	-37.03
-128.67	117.49
-60.69	-43.45
-90.80	1.60
-118.32	-22.88
-61.69	-41.17
-60.20	-55.18
-147.95	-22.93
-94.63	108.95
-61.92	-36.49
-78.67	-36.94
-122.75	154.53
-108.81	109.37
-113.44	143.29
-101.59	126.03
-63.90	-38.65
-110.13	115.23
-122.37	167.23
-145.12	162.33
-161.38	165.07
-96.83	123.09
-94.61	39.42
-82.96	-33.41
-130.37	52.04
-66.08	-39.12
-61.07	-51.83
-62.00	-41.31
-70.61	-30.94
-56.07	-48.10
-99.41	-13.39
-68.91	-42.77
-64.20	-43.41
-57.84	-31.40
-143.03	143.66
-64.01	143.23
-66.38	163.49
-163.80	157.11
-139.82	134.02
-66.38	151.38
-71.59	166.93
-67.11	-37.65
-80.63	-28.90
-167.27	155.74
-167.27	155.74
-47.73	132.96
-72.26	162.34
-72.47	-20.81
-142.64	170.87
-65.77	-13.90
-65.95	-27.95
-158.91	148.78
-151.34	121.69
-147.40	109.15
-107.81	-32.60
-99.25	119.38
-101.26	108.10
-122.98	135.83
-74.28	-16.61
-104.98	168.16
-152.09	159.86
-133.29	156.94
-65.34	-46.90
-66.72	-45.71
-72.28	-41.55
-62.50	-37.15
-57.32	-43.76
-97.93	118.19
-80.62	-9.56
-112.25	104.92
-128.28	144.98
-121.51	142.83
-64.97	-37.02
-114.02	115.88
-150.74	172.93
-84.91	-0.88
-112.38	129.16
-137.89	161.36
-135.23	139.16
-84.64	160.05
-132.91	145.63
-151.55	139.06
-151.91	159.57
56.75	40.30
-124.96	153.11
-67.79	127.17
-99.04	-171.26
-52.09	-38.37
-86.50	-19.87
-104.29	129.48
-125.38	131.65
-73.47	-32.44
-69.46	-33.44
-99.38	119.88
-95.37	-8.16
-75.32	149.65
-120.53	148.29
-91.10	148.52
-136.12	155.33
-136.53	149.41
-76.37	115.50
-74.37	130.00
-88.59	130.34
-62.41	156.03
-116.04	133.10
-136.59	150.34
-137.82	160.99
-103.97	138.91
-148.31	154.40
-100.81	146.52
-93.38	96.97
-129.06	75.45
-86.01	98.51
-73.86	140.86
-70.45	-35.73
-90.78	121.30
-60.22	149.33
-63.84	161.61
-104.67	-24.93
-117.24	9.57
-85.21	133.50
-73.37	154.45
-81.24	93.85
-87.84	123.52
-61.71	126.16
-58.00	-50.28
-73.16	132.25
-73.62	4.44
-60.95	-40.76
-67.22	-51.14
-139.12	137.79
-94.74	-49.24
-144.28	159.42
-142.68	150.50
-102.45	127.95
-153.17	-162.26
-73.80	-4.36
-73.60	124.01
-80.91	-15.58
-82.58	15.79
-63.76	138.45
-67.51	-42.74
-66.52	-32.91
-66.59	127.33
-111.80	-9.20
-139.36	127.21
-62.38	128.06
-84.73	125.26
-78.81	8.98
-128.10	138.51
-131.37	150.19
-105.41	114.47
-86.90	98.75
-136.60	166.40
-158.98	153.29
-153.97	100.25
-44.13	-51.91
-148.05	159.84
-113.51	144.98
-110.13	134.04
-121.57	98.14
-57.48	-15.62
-124.00	160.42
-59.50	131.13
-82.83	-9.61
-90.95	119.72
-88.36	-1.65
-63.83	-40.52
-133.67	82.17
-153.65	156.68
-66.24	156.35
-98.19	150.84
-126.01	151.45
-114.10	77.77
-68.06	136.43
-165.30	167.97
-137.69	94.50
-51.20	132.61
-123.78	108.21
-63.12	-50.45
-90.83	-10.94
59.40	38.04
-77.40	159.64
-135.17	83.05
-115.01	158.85
53.84	56.78
-79.39	-38.05
-85.38	-12.14
-54.32	-53.23
-60.39	-52.08
-83.42	129.20
-121.91	-9.37
-91.71	-10.20
-63.87	131.13
-109.64	-5.52
-69.36	162.85
-77.92	125.26
-101.16	-8.60
-91.66	-8.48
-68.35	129.30
-99.12	-12.64
-73.12	169.95
-149.59	124.09
-66.94	-35.50
-48.24	99.11
-115.04	175.24
-87.87	-177.87
-173.60	157.77
-97.92	156.32
-94.83	114.46
-63.99	-38.95
-114.18	130.80
-66.41	-44.64
-116.64	115.32
-68.34	-17.95
-129.59	109.67
85.48	-8.10
-121.69	13.97
-154.57	78.32
49.85	46.32
-99.15	48.00
-59.24	-38.22
-100.28	158.65
-161.90	65.36
-68.91	-51.94
-72.97	-42.51
-114.14	132.45
-128.20	140.06
-69.46	129.30
-124.20	-3.56
-69.33	124.77
-106.46	-10.49
-131.41	60.21
-60.61	-42.92
54.74	32.51
-68.78	-28.28
-146.43	150.77
-110.04	166.81
-117.18	141.80
-115.58	159.86
-115.75	146.01
-107.77	117.86
-129.79	110.01
-142.66	144.04
-80.31	117.89
-107.84	132.96
-158.01	165.62
37.85	69.16
-64.79	-32.64
-61.61	-33.77
-139.56	170.21
-127.37	126.98
-109.22	166.09
-121.43	96.05
-92.76	68.11
-99.11	147.10
-87.45	135.15
-129.86	149.92
-83.22	134.69
-112.67	165.34
-80.35	152.15
-96.74	-11.63
-90.73	99.98
-137.50	151.27
-139.95	158.99
-152.86	165.65
-78.17	-20.85
-83.76	130.26
-116.74	-0.69
-62.68	131.65
-147.90	138.23
-106.54	-7.39
-57.31	-45.46
-59.49	-33.40
-62.07	-45.72
-57.02	145.50
-62.36	135.04
-63.33	-37.98
-87.92	84.42
-129.68	130.45
-126.62	105.12
-127.38	158.11
-64.99	-43.17
-135.68	71.06
-147.89	-171.24
-144.67	174.84
-150.80	175.71
-64.58	109.28
-61.00	-44.13
-100.30	119.83
-97.03	116.44
-61.54	140.37
-162.49	130.30
-66.12	-36.40
-100.18	152.56
-68.51	-28.38
-121.71	145.96
-77.10	130.11
-82.12	-20.34
-52.18	-55.98
-125.18	27.15
-83.24	133.57
-80.52	124.19
-66.74	-44.11
-65.37	-44.39
-146.68	-2.02
-70.16	-21.31
-117.83	125.60
-112.90	-143.91
-74.14	-13.83
-61.09	-50.14
-94.75	124.22
-112.85	149.83
-122.93	172.66
-84.88	82.69
-120.53	133.82
-63.59	-16.68
-130.38	-22.25
-55.74	-52.80
-66.62	-35.38
-152.28	175.71
-151.23	143.88
-102.90	154.61
-69.11	-19.06
-148.46	163.77
-67.15	151.26
-127.68	134.42
-166.69	60.94
-56.01	-21.99
-54.18	139.61
-131.05	97.35
-49.75	121.62
-54.65	-51.69
-140.01	141.54
-58.64	136.46
-65.80	-42.89
-146.80	65.82
-146.93	70.22
-79.12	-20.14
-65.72	-48.20
-60.00	124.93
-59.51	148.25
-106.24	159.97
-135.63	150.18
-58.57	-43.51
-71.08	-28.45
-60.31	-28.78
-17.21	-69.58
-118.51	134.80
-57.40	-48.28
43.63	48.05
-88.40	113.94
-117.06	-54.26
-114.26	145.87
-47.26	-42.37
-126.91	-18.18
-78.70	-7.33
-85.77	-30.40
-111.25	28.55
-86.73	-19.95
-90.20	-19.01
-58.07	-41.99
-115.97	-36.78
-61.01	-42.10
-97.17	-39.44
-122.10	-6.64
-108.83	-18.49
-51.03	-45.15
-72.49	-30.39
-43.03	-44.64
-107.62	-40.68
-143.65	-179.27
-136.89	158.79
-117.88	112.54
-115.35	158.58
-103.00	135.96
-57.18	-33.12
-144.89	139.13
-135.78	158.86
-124.37	165.58
-113.97	147.36
-71.41	140.09
-102.57	148.21
-76.61	89.10
-135.10	148.46
-61.75	-24.35
-105.53	142.75
-135.20	33.88
-141.06	-176.20
-144.42	-172.04
-74.01	-22.77
-73.09	-24.52
-124.97	166.98
-126.00	157.63
-80.69	166.38
-73.80	161.92
-79.28	-16.80
-64.95	-32.60
-88.41	108.93
-69.35	-49.47
-142.78	154.36
-110.10	120.31
-154.23	179.80
-117.08	171.19
-94.42	-5.11
-65.03	125.08
-148.34	139.56
-135.07	133.33
-149.02	174.28
-105.44	144.16
-78.53	-3.06
-112.75	-124.70
-67.46	-29.17
-62.95	-46.50
56.53	-155.64
-71.06	-37.24
-79.80	-52.64
73.44	12.69
-85.02	-39.35
-126.80	127.69
-86.98	176.84
-80.50	-7.09
-100.54	143.93
-67.20	-36.37
-128.60	1.44
-123.80	157.26
-97.49	93.33
-57.03	-34.64
-64.25	-48.26
-68.09	-31.99
-123.55	-19.54
-115.78	151.10
-62.49	-43.68
-61.62	-43.34
-126.66	3.65
-62.76	-47.91
-68.26	-19.87
-60.21	-24.33
-62.53	-44.26
-60.95	-47.37
-68.43	-25.29
-67.29	-41.21
-56.05	-44.81
-104.50	115.85
58.33	24.10
-129.06	134.05
-106.06	119.95
-64.94	124.40
-120.19	150.15
-117.83	114.31
-80.80	-42.96
-118.45	179.64
-110.27	118.22
-88.32	100.88
-88.88	11.77
-160.02	165.67
-65.09	114.99
-161.57	141.70
-65.19	-40.31
-87.27	-10.35
-51.04	-54.60
-68.14	-25.40
-64.71	123.45
-148.80	127.43
62.14	31.65
-56.97	166.06
-172.42	172.26
-100.50	112.64
-33.56	-63.16
-138.54	150.74
-113.69	134.35
-66.13	-54.78
-99.61	111.18
-103.22	49.13
-105.79	152.90
-148.35	169.82
-109.94	121.75
-108.08	98.58
-102.41	119.53
-70.91	-17.13
-92.79	-41.95
-117.08	123.95
-148.86	60.50
-56.57	126.82
-139.00	162.69
-84.89	163.19
-73.12	-14.82
-68.40	165.06
-93.54	-15.51
-93.50	92.64
-151.48	166.09
-64.37	-40.50
-56.96	-46.71
-115.89	175.13
-62.60	-50.76
-60.48	129.31
-71.39	140.74
-77.10	-14.44
-118.82	101.21
-117.53	10.45
-59.27	-42.73
-68.88	-36.73
-93.50	75.96
-68.83	-44.65
-59.17	160.84
-73.17	-43.69
-122.91	171.45
-62.27	-29.70
-139.16	137.55
-120.38	140.54
-73.35	165.81
-159.67	169.00
-72.43	-24.13
-136.94	129.46
-60.17	-45.62
-60.13	-56.43
-74.00	-37.24
-67.70	15.97
-65.79	-38.54
-61.82	-57.94
-136.15	-172.68
-71.41	136.35
-67.25	-30.04
-66.06	138.65
-125.60	98.42
-126.03	145.42
-113.54	145.70
-143.71	164.34
-120.24	151.82
-75.16	148.91
-125.37	91.35
-122.86	157.07
-137.07	154.34
-144.07	171.76
-127.54	154.42
-130.66	147.28
-94.89	99.32
-98.00	150.16
-65.53	-49.10
-130.98	114.89
-52.34	124.65
-54.39	-44.49
-96.51	152.05
-63.79	-40.64
-66.19	-41.63
-34.44	-65.16
-68.24	-41.52
-97.23	130.60
-117.29	163.35
-174.07	169.43
-146.40	38.69
-48.41	-57.42
-63.40	-17.76
-88.60	9.53
-72.64	-41.33
-66.27	-29.96
10.50	101.52
29.44	50.57
-129.31	81.51
-98.52	175.67
-119.30	138.95
-93.49	156.40
129.54	-138.75
121.52	-174.30
-118.67	132.34
-60.56	-45.74
-61.97	-40.43
-112.03	135.29
-45.86	-22.71
-122.44	133.58
-150.72	152.35
-130.09	129.44
-77.46	176.64
-149.16	45.16
-133.60	132.14
-139.57	-171.45
-136.17	130.20
-103.63	128.73
-55.47	-34.71
-125.93	147.88
-66.06	143.56
-146.05	146.34
-81.56	-14.90
-75.85	-37.74
-60.50	-48.83
-96.80	177.65
-100.66	150.77
-106.86	88.77
-76.70	-56.09
-110.51	4.88
-71.81	-41.99
-126.41	98.49
-64.77	-46.05
-65.07	-38.76
-123.53	153.33
-154.21	158.36
-83.42	161.24
-61.39	-46.98
-97.42	4.18
-143.69	132.42
-48.29	-56.33
-58.37	-32.21
-143.20	157.90
-133.33	101.21
-143.48	128.93
-77.04	-47.98
-63.82	-33.35
-156.75	135.16
-65.47	-45.12
-95.35	138.25
-130.61	129.08
-58.16	-58.38
-153.24	159.07
-161.30	137.84
-39.36	129.94
-66.07	-17.98
176.63	175.19
45.74	81.57
-115.37	156.25
-74.53	-42.09
48.86	5.90
-75.16	-23.98
-81.32	-32.59
-59.90	-33.77
-64.03	-39.18
-96.86	121.19
-66.89	-43.01
-86.55	-18.09
-60.46	-34.28
-58.61	-27.22
-100.32	119.93
-62.79	-43.01
-79.11	141.85
-125.78	17.64
-68.75	-16.81
-134.14	128.33
-78.64	161.33
-95.43	126.87
-134.52	130.28
-145.99	164.00
-174.33	142.59
-59.25	-7.79
-55.27	-21.20
-93.26	171.37
-46.79	-35.67
-157.81	171.86
-121.99	157.07
-75.88	122.84
-149.89	-177.20
-124.39	139.39
-65.77	-46.91
-68.93	-23.96
-57.22	130.13
-57.88	-31.84
-138.56	111.37
-117.72	129.40
-63.39	-42.85
-60.54	130.50
-58.81	-45.58
-101.72	102.34
-111.97	7.16
-54.44	-53.68
-60.69	-36.17
-86.19	-6.96
-69.81	-26.23
-82.08	-1.73
-140.66	150.22
-66.20	135.90
-127.13	-61.72
-51.43	-22.80
-82.24	115.29
-161.81	146.96
-78.93	-16.08
-103.39	120.28
-74.40	131.48
-94.22	-5.66
-64.60	127.59
-48.63	130.77
-87.33	-15.65
-97.67	145.59
-117.23	-168.23
-98.71	157.13
-84.07	-12.16
-68.11	128.48
-124.37	-3.72
-54.42	-51.70
-85.57	145.14
-67.56	-6.72
-131.08	178.08
-87.60	118.73
-134.39	56.22
-61.15	-48.90
-67.73	140.13
-111.73	151.76
-65.47	-33.10
-55.57	-51.37
-71.05	158.09
-63.29	-38.23
-83.52	171.32
-70.19	-27.28
-58.85	-13.91
-164.00	-177.40
-61.74	-36.71
-58.32	130.43
-92.55	137.57
-100.60	6.11
-75.37	-38.64
-107.70	169.23
-148.08	143.38
-81.25	155.72
-130.77	135.54
-105.68	119.65
-143.82	165.23
-95.97	112.52
-125.32	136.74
57.54	46.00
-60.73	161.06
-54.65	-47.21
-72.58	127.52
-111.02	143.73
-95.63	139.97
-107.03	120.37
-128.36	159.06
56.24	43.13
-147.48	176.35
-51.02	-50.26
-78.56	-49.03
-140.85	171.33
-128.21	110.48
-69.44	-55.01
-89.91	78.91
-53.66	-43.26
-70.47	-20.08
-86.32	161.86
-100.75	127.43
-55.45	-37.73
-158.22	152.90
-151.31	170.65
-151.62	172.46
-110.29	154.67
-73.80	-19.30
-162.03	99.87
-80.78	149.57
-72.75	-9.06
-125.56	162.84
-92.41	137.35
-91.44	161.91
-78.16	148.35
-89.26	-159.50
-126.60	131.10
-70.79	-31.00
-82.43	159.90
-131.06	162.26
-65.41	-51.67
-102.34	159.88
-65.91	-41.67
-70.26	-42.02
-75.73	-63.15
-101.03	10.42
-64.35	-50.79
-62.69	-27.73
-130.18	81.45
-163.51	-95.54
-54.55	141.66
-60.56	-47.26
-82.04	-19.53
-66.13	-39.34
-60.37	-48.53
-141.13	135.02
-83.44	-23.20
-112.09	126.09
-121.45	63.34
-87.56	106.06
-92.08	124.70
-55.33	-39.49
-60.59	-39.16
-72.39	161.43
-145.25	170.59
-116.77	127.77
-84.14	-14.92
-152.33	138.58
-99.03	144.91
-60.85	-39.71
-79.19	110.12
-72.27	-18.72
-60.22	141.81
-120.82	143.75
-62.90	-43.36
-161.37	165.62
-127.26	170.68
-62.66	-27.47
-63.58	-44.22
-161.75	130.29
-61.13	-47.05
-58.09	-45.70
-103.22	106.69
-127.72	96.59
-103.07	-2.81
-163.86	131.44
-106.43	-35.72
-133.93	21.64
-142.14	164.76
-140.61	137.40
-72.96	-34.16
-140.14	-19.70
123.63	95.32
-157.19	120.41
-162.47	135.18
-66.51	-39.47
-55.34	122.77
-148.48	96.57
-57.94	-44.84
-124.04	129.79
-122.25	132.84
-101.85	-28.93
-51.59	121.72
-106.40	7.83
-87.68	-25.76
-130.85	10.29
-45.87	134.77
-87.03	-13.44
-72.67	169.78
-64.52	-40.51
-135.19	143.94
-134.93	99.93
-59.20	-1.52
-154.18	167.25
-79.40	87.93
-134.31	98.75
-56.15	132.14
-89.82	91.51
-74.39	133.76
-119.08	122.95
53.68	-136.68
-59.27	-43.78
59.52	42.99
-66.78	-40.98
-77.58	166.13
-64.68	-16.48
-156.91	99.55
-99.49	94.08
-59.56	-44.21
-145.55	149.16
-120.87	75.72
-167.49	171.16
-58.65	-62.36
-62.82	-35.11
-116.29	62.14
-133.38	53.22
49.46	47.65
-65.61	-42.17
-75.98	139.83
-65.49	-29.15
-116.02	131.98
-68.92	-22.59
-147.34	65.03
-70.79	-34.39
-102.27	-9.07
-77.09	65.84
-95.34	23.17
-103.56	-10.89
-123.73	125.72
-167.13	140.89
-134.31	174.18
-115.64	129.15
-56.51	-47.22
-64.53	-46.99
-152.61	131.79
-64.74	-27.80
-59.41	-53.85
-62.96	-44.57
-80.96	-2.45
-77.18	131.42
-65.71	-52.26
-60.00	-38.83
-57.07	-53.70
-132.38	150.79
-80.17	166.74
-114.22	157.38
-85.37	141.81
-154.17	87.05
-136.69	151.48
-159.11	170.89
-78.81	-18.29
-79.26	113.57
-52.78	141.91
60.69	45.18
82.45	4.70
-76.32	-13.98
-59.58	-40.53
-93.97	116.27
-70.71	-38.63
-130.66	84.18
-111.36	164.45
-97.12	-158.71
-117.99	150.82
-148.78	166.66
-160.44	145.48
-147.28	140.04
-141.64	120.89
-100.58	-1.38
-73.93	-142.21
-119.85	104.90
-110.72	145.32
-102.07	165.17
-115.10	126.03
-61.17	133.23
-100.93	-5.94
-81.86	123.19
-101.84	-11.38
-79.82	170.56
-73.30	167.22
-67.50	-33.37
-61.93	-43.81
-127.63	133.98
-127.23	167.20
-95.03	170.12
-68.25	-6.06
-149.94	164.36
-74.36	-42.84
-87.89	-33.97
-84.29	134.58
-159.10	154.11
-65.01	-28.60
-155.90	164.47
-78.85	167.61
-137.57	154.97
-128.43	122.49
-94.59	16.35
-100.84	120.46
-112.23	-28.05
-154.08	134.46
-57.50	-42.84
-113.99	135.64
-127.92	111.82
-128.43	164.68
-62.67	147.05
-92.21	109.23
-126.08	124.28
-60.14	-45.61
-84.03	148.24
-64.44	-42.13
-78.39	-28.48
-59.48	-43.05
-61.32	-38.25
-108.96	108.74
-95.05	-172.86
-97.07	98.14
-134.61	147.38
-69.17	133.94
-73.69	145.32
-137.32	144.70
-108.21	102.56
-68.00	-44.85
-55.82	-48.76
-115.50	154.81
-61.12	-27.06
-63.19	-41.04
-61.48	-46.41
-82.06	141.67
-113.49	145.07
-140.49	153.22
-76.63	150.05
-106.88	126.87
-89.76	-20.51
-129.04	125.69
-85.96	-63.95
-142.29	161.60
-67.84	-22.24
-156.99	129.51
-112.07	132.42
-110.89	144.17
-125.75	163.92
-75.08	133.39
-74.53	-19.73
-53.49	-72.74
-62.12	-54.60
-87.95	137.05
-55.96	143.99
-61.84	-17.87
-100.93	116.59
-49.00	128.45
28.85	56.03
-56.51	-53.85
-56.69	139.21
-53.76	129.87
-171.15	-178.42
-54.79	140.59
-70.22	136.15
-160.06	179.77
-103.70	114.92
-57.31	-45.98
-84.93	9.11
-159.41	140.79
-129.28	158.43
-57.93	-47.21
61.20	32.92
-65.94	93.17
-83.95	130.61
-103.81	-18.20
-88.76	123.22
-109.92	-4.80
-105.25	108.15
-64.21	-27.29
-63.99	120.85
-111.23	-4.21
-85.86	169.79
-124.70	144.66
-65.84	-45.26
-135.14	130.63
-78.56	59.17
-65.14	-41.05
-71.20	133.05
-95.11	104.90
-164.59	151.77
-108.88	121.70
-60.23	-48.40
-90.34	135.00
-62.55	-40.29
-86.07	117.56
-104.31	-9.24
-152.37	140.48
54.71	37.49
-135.72	105.01
-99.98	131.81
-134.34	68.01
-135.90	108.16
-165.17	-179.86
-107.70	28.97
-89.21	106.67
-63.91	-46.33
-72.32	-43.88
-151.36	104.93
-78.30	-24.91
-113.83	128.41
-68.54	-41.29
-61.32	-38.77
-50.07	80.71
-114.02	155.00
-78.81	98.08
-53.02	110.30
-156.18	-147.27
-105.74	118.43
-161.45	167.34
-61.81	-44.44
-68.14	-33.58
-78.72	124.30
-73.76	136.42
-59.79	-45.97
-86.90	-16.98
-127.08	152.37
-66.96	-40.78
-104.56	106.45
-132.42	127.54
-56.04	-37.18
-120.86	-14.88
-55.74	-39.66
-51.70	-43.95
-59.02	-41.61
-83.32	-8.65
-86.48	-0.72
-83.54	1.77
-58.99	-40.44
-55.55	-66.64
-134.55	31.71
-65.08	-43.22
-61.58	-46.37
-78.26	-27.72
-54.08	-40.05
-60.21	-33.99
-61.75	-38.75
-173.06	151.93
-92.16	129.12
-98.86	129.83
-150.65	-174.66
-140.82	155.56
-126.55	123.70
-62.12	-46.43
-104.69	-73.06
-65.51	148.62
53.25	35.88
-63.05	-39.33
-115.26	122.53
-116.25	3.59
-163.49	136.80
-134.27	-179.79
-117.05	97.09
-119.74	27.15
-138.32	154.95
-86.95	77.17
-56.53	-25.98
-76.87	138.37
-97.52	165.23
-117.67	155.73
-89.38	102.24
-118.08	147.98
-98.77	140.62
-76.21	147.51
-139.10	27.60
-175.98	-176.89
-77.27	78.45
-114.42	118.18
-118.20	79.80
-64.22	-16.24
-63.13	-33.43
-62.61	-47.81
-129.11	135.66
-138.26	125.10
-63.96	-41.98
-141.46	167.97
-97.92	162.00
-62.08	-37.50
-104.24	-40.79
-71.83	-2.88
-60.81	-46.42
57.88	-102.36
-80.72	-16.94
-126.15	127.60
-84.38	-25.70
-133.32	141.77
-60.33	-37.29
-62.66	-45.25
-58.53	-43.68
-60.90	-42.02
-93.82	5.77
-109.24	117.84
-78.04	144.30
-118.95	143.72
-54.37	-50.04
-138.58	106.24
-106.54	159.80
-121.55	160.39
-56.26	-35.15
-171.92	128.88
-64.67	-34.45
-92.62	168.90
-124.32	57.58
-142.31	134.42
-56.59	-43.56
-60.42	-39.61
-100.79	111.40
-167.51	177.32
-122.00	16.33
-64.81	-14.65
-111.77	125.66
-64.42	-52.84
-119.25	133.91
-131.44	-143.76
-73.03	-4.21
-128.86	131.74
-101.21	130.21
-159.14	149.65
-151.96	169.54
-87.87	124.02
33.38	57.03
36.12	23.41
-175.47	150.63
-123.05	12.18
-73.49	139.92
-147.70	174.02
-74.28	141.74
-160.23	-179.07
-177.26	162.54
-50.87	-37.58
-71.97	-41.19
-101.74	56.36
-104.39	93.94
-164.08	170.57
-108.77	-4.79
-66.34	-43.01
-67.22	-35.85
-61.35	-50.33
-133.84	69.70
-81.93	135.49
-64.95	144.14
-56.60	126.63
-53.86	-46.96
-60.45	138.32
-76.32	-5.89
-58.87	-40.11
54.74	66.13
-154.40	108.11
-72.02	126.68
-64.49	-41.93
-63.00	-44.14
-87.15	97.04
-63.33	-40.08
-133.74	92.61
-67.15	138.90
-64.13	-43.28
-58.76	-18.98
-79.45	137.63
-69.98	-27.42
-64.47	-42.99
-64.29	-43.70
-91.80	166.62
-119.37	135.00
-62.92	-10.30
-147.38	161.39
-87.71	-45.07
-81.95	125.67
-97.88	-10.35
-74.29	120.10
-127.26	-4.43
-71.08	131.16
-98.23	-5.60
-73.12	-15.20
-122.04	151.85
-60.02	-6.58
-116.08	101.81
-74.75	125.40
-63.12	-160.57
-146.98	121.83
-92.30	106.70
-110.14	-15.30
-66.90	-47.42
-74.79	-68.47
-129.71	149.39
-63.02	-67.84
-134.82	116.08
-45.80	-53.77
-78.26	-63.24
-80.08	-16.11
-66.01	155.69
-100.42	137.38
-131.98	162.40
-122.95	122.72
-104.52	150.07
-67.31	-35.44
-91.90	150.03
-127.76	129.52
-140.40	145.67
-124.82	110.94
-57.38	129.55
-76.59	143.06
-66.50	-21.99
-64.77	-44.15
-61.10	-39.38
-53.53	-47.22
-59.70	-39.82
-156.09	163.30
-65.02	-4.86
-63.15	-38.86
52.38	49.51
-97.54	130.78
-59.64	-47.56
-128.41	160.80
-135.60	125.45
-128.23	52.23
-73.58	-19.57
-71.20	-34.66
-55.17	-51.07
-67.91	-19.46
-66.99	-36.63
-122.83	108.86
-58.13	-45.98
-62.51	-49.60
-116.45	145.75
-164.04	170.35
-70.32	120.80
-70.33	178.71
-154.06	152.25
-114.25	-4.00
-52.92	-32.79
-58.69	-42.32
-70.84	-52.63
-52.81	-48.13
-51.94	-35.58
-80.43	120.56
-42.79	126.81
-84.36	-23.11
-124.50	163.88
-85.34	161.64
-69.26	-39.72
-74.26	147.46
-87.24	154.05
-79.07	137.33
-69.11	-0.77
-126.75	124.49
-60.34	-32.81
-133.36	156.20
-117.58	138.31
-132.10	163.02
-118.00	138.10
-160.69	135.47
-63.80	-42.23
-69.29	-38.15
-52.38	130.43
-58.85	-51.81
-60.93	116.65
-50.21	127.66
-78.27	-26.38
-57.12	-43.38
-64.80	118.48
-127.27	107.28
-155.99	134.34
-83.96	135.75
-68.59	-43.92
-56.79	-47.62
-117.92	106.29
-143.88	163.96
-60.88	-43.02
-61.72	145.85
-70.99	131.89
-69.15	-36.75
-68.52	-25.89
-68.44	-47.37
-112.13	-45.17
-58.99	-49.62
-112.29	20.95
-106.58	128.03
-81.45	124.06
-147.79	65.79
-59.49	-36.32
-129.60	168.47
-76.87	145.48
-119.78	139.66
-109.22	51.10
-101.62	-6.90
-69.68	155.22
-116.06	146.61
-60.38	113.55
-135.49	143.29
-74.75	114.67
-110.78	170.97
-68.42	119.32
-65.45	-34.06
-62.23	141.25
-115.36	164.36
-100.65	120.10
-108.65	129.27
-88.96	27.70
-42.05	-48.58
-86.06	4.94
-129.49	112.96
-62.63	-40.02
-131.05	148.78
-93.92	99.26
-83.31	-25.86
-63.93	-33.00
-66.26	-44.58
-69.35	-35.65
-76.70	156.91
-54.78	-50.58
-62.30	-41.96
-56.02	-40.16
-53.24	-43.14
-102.98	138.16
-54.25	125.02
-129.24	168.54
-159.69	131.96
-97.90	143.81
-108.13	24.17
-70.56	-40.18
-90.72	3.84
-69.05	-45.61
-122.51	121.07
-132.29	105.91
-150.21	114.61
-65.15	-32.54
-91.48	110.46
-113.75	7.97
-179.43	135.26
-126.69	172.64
-132.00	116.93
-77.57	-10.16
-139.75	-27.91
-123.99	24.66
-65.47	-8.51
-72.98	-11.64
-75.12	148.47
-67.98	52.92
-155.26	169.40
-63.11	-46.71
-128.56	14.88
-133.41	157.14
-57.16	-49.13
-59.61	-46.23
-51.91	131.84
-60.24	-38.53
-50.59	-40.86
-81.30	-5.27
-147.08	111.21
-126.37	172.06
-95.61	123.21
-115.05	119.57
-127.98	127.60
-65.41	-39.91
-60.93	-49.48
-57.59	-36.48
-67.56	-45.73
-61.75	-30.44
-83.01	78.09
-88.21	164.89
-111.80	112.88
-112.78	151.80
-114.60	158.52
-145.88	170.10
-60.76	-31.08
-155.38	139.89
-93.34	109.83
-82.77	133.40
-87.85	0.35
-113.03	-23.74
-97.65	114.52
-129.33	157.07
-52.74	126.91
-47.18	-39.22
-71.61	-39.66
-56.19	-43.24
-85.09	133.08
-54.69	-33.53
-60.18	136.56
-97.47	-0.27
-68.98	-29.65
-87.15	126.19
-67.91	-27.22
-74.47	-52.63
-78.76	-16.23
-78.12	-14.14
-99.81	138.17
-85.44	-59.47
-149.24	-177.06
-85.88	164.87
-113.56	30.68
-64.26	-41.16
-74.65	-53.90
-83.69	117.93
-60.37	-38.54
-59.72	-42.89
-132.94	-170.29
-112.05	-77.76
-45.74	-51.67
-119.46	172.26
-130.38	94.44
-59.87	-40.25
-73.98	-42.55
-62.51	-41.44
-148.32	-174.75
-98.78	-10.48
-113.28	138.38
-67.78	120.39
-124.62	-6.11
-86.26	174.32
-79.53	-20.77
-103.11	-20.78
-86.09	153.37
-146.80	116.13
-84.12	136.96
-124.68	-175.50
-135.46	174.70
-110.96	139.20
-105.71	7.14
-124.34	161.18
-121.00	137.82
-160.55	176.69
-72.41	128.98
-93.88	-10.71
-73.75	126.94
-89.81	-14.75
-71.11	161.96
-117.91	20.59
-75.51	165.32
-64.58	-31.96
-88.44	133.63
-124.90	76.71
-60.65	151.60
-132.64	167.99
-91.93	118.98
-112.42	152.58
-92.58	-24.27
-57.07	-45.57
-76.01	-27.33
-62.18	-52.36
-75.76	-16.31
-159.96	168.09
-97.82	117.96
-69.44	-33.39
-109.62	15.21
-140.08	170.62
-112.93	114.21
-125.44	149.73
-100.77	-25.36
-62.59	-50.31
-71.05	132.74
-96.82	136.61
-72.32	117.22
-94.87	119.82
-123.90	151.27
-84.94	127.64
-125.04	152.96
-57.71	-48.61
-80.10	-42.25
-65.41	-49.18
-75.16	157.06
53.20	37.74
65.92	31.18
-67.48	-41.14
-61.10	-47.46
-113.28	167.64
-118.33	171.08
-121.39	-11.65
-122.19	159.96
-67.01	-39.17
-64.34	-33.66
-65.19	155.88
-100.02	163.78
-146.88	131.25
-64.52	-40.44
-58.02	-48.68
-67.60	-27.05
-97.82	176.01
-67.71	-19.13
-80.15	-40.55
-70.39	158.59
-132.44	148.71
-63.91	146.71
-73.09	-9.84
-66.67	-26.94
-166.14	64.29
-97.08	-3.51
-77.39	168.08
-142.99	136.24
-93.33	125.97
-137.35	167.19
-56.58	-33.25
-60.32	-50.72
-55.07	-47.94
-127.20	133.95
-66.19	127.99
-101.02	-5.24
-62.69	136.78
-127.26	-1.77
-171.50	168.52
-65.21	-51.23
-70.76	-35.77
-94.54	1.02
-61.01	-41.53
-45.37	128.13
-83.48	-41.45
-98.48	141.79
-79.43	-41.69
-159.32	161.96
-164.79	166.57
-153.37	165.23
-81.09	-27.24
-118.95	156.34
-122.83	132.61
-123.84	144.81
-115.34	-7.33
-120.55	126.84
-119.29	124.10
-104.30	131.00
-127.68	128.17
-81.35	136.31
-95.03	-2.63
-67.16	120.84
-124.40	1.28
-117.14	-7.65
-72.44	126.52
-75.10	-8.45
-68.95	123.86
-68.66	-34.31
-59.35	155.40
-86.27	163.15
-105.76	99.60
-54.86	-30.41
-118.54	147.07
-129.76	147.46
-165.45	175.27
-59.00	-26.47
-128.66	151.51
-125.75	42.67
-134.02	152.21
-102.84	127.80
-137.81	124.46
-134.43	125.50
-62.58	-15.31
-60.72	-49.75
-130.44	116.50
-110.33	147.47
-58.34	-53.08
-59.36	-44.72
-67.26	-45.79
-71.72	-16.35
-67.42	-46.60
-68.10	127.89
-149.07	-172.40
-157.27	175.57
-53.98	131.20
-122.55	-2.70
-55.93	-49.52
-65.92	-55.21
-68.36	-45.96
-89.88	114.63
-146.82	175.15
-159.09	170.50
-155.18	176.02
-101.94	-18.28
-62.00	-39.45
-90.35	91.70
-60.20	-14.47
-60.64	-38.03
-86.33	-18.91
-54.00	-14.86
179.64	-177.52
-107.27	117.69
-63.31	-25.34
-66.09	-41.71
-68.82	150.10
-68.82	150.10
-66.91	-38.61
-150.49	135.06
-123.26	146.16
-122.75	59.20
-124.87	-151.13
-62.76	-44.83
-60.84	-39.75
-62.57	-40.83
-149.53	136.94
-58.12	-45.24
-60.08	-44.84
-151.63	147.97
-171.12	163.98
-81.76	-3.91
-159.25	84.03
-139.77	157.80
-122.64	141.61
-63.32	-42.72
-128.09	156.63
-59.16	-20.49
-94.96	158.39
-88.37	141.74
-117.27	127.61
-81.47	159.97
-86.65	-7.01
-157.65	148.54
-62.09	-40.98
-137.24	165.76
-60.95	-47.53
-90.81	11.22
-82.53	-25.09
-159.01	166.31
-87.58	-5.98
-136.03	147.41
-83.95	120.82
-121.18	141.50
-114.16	126.70
-59.82	-44.60
-51.60	154.98
-66.48	-69.73
46.50	44.09
-60.93	-41.46
-170.73	141.15
-113.53	154.80
-104.28	148.79
-96.56	151.88
-110.25	146.65
-62.14	-41.56
-141.89	148.66
-90.01	132.31
-144.41	113.26
-63.99	-39.50
-63.92	-51.42
-80.50	138.40
-88.77	118.27
-104.59	115.60
-80.72	127.94
-79.42	-177.82
-137.48	151.30
-76.00	105.50
-124.75	-2.48
-99.71	136.46
-83.95	166.56
56.27	27.94
51.17	45.34
-90.39	127.25
-60.12	148.81
56.91	41.75
-59.42	-43.98
-62.31	-37.33
-71.22	-44.63
-53.09	-43.63
-130.19	163.71
-134.99	124.75
-133.67	142.78
-49.49	141.82
-100.47	146.22
-66.24	128.94
-156.75	151.35
-77.20	6.23
-134.84	153.64
-165.23	170.75
-62.20	-34.69
-72.93	144.02
-78.38	143.27
-110.54	150.76
-100.48	153.17
-132.11	140.02
-144.64	160.95
-64.78	-12.96
-123.92	159.21
-171.76	165.85
-103.02	22.68
-68.94	137.93
-108.57	129.37
-82.41	152.64
-98.30	1.21
-122.29	148.36
-149.76	151.44
-68.37	-8.67
-106.14	138.60
-173.38	163.14
-67.45	-49.11
-173.17	171.08
-70.77	134.16
-66.30	-32.24
-61.46	-41.71
-89.90	-155.43
-116.16	5.35
-158.77	99.84
179.96	155.76
-90.20	150.37
-75.44	3.78
-139.37	164.57
-156.47	166.95
-39.88	125.46
-151.61	117.13
-133.01	140.35
-75.88	-26.39
-123.82	40.31
-60.24	-35.87
-99.32	110.73
-98.45	120.56
-58.28	149.64
-108.13	139.17
-90.43	102.46
-136.05	2.37
-71.23	121.03
-96.09	108.14
-64.87	140.88
-87.61	121.93
-102.72	25.98
-107.99	4.55
-78.00	137.66
-121.53	145.50
-131.23	152.41
-77.48	62.38
-57.62	131.53
-75.25	154.88
-91.26	118.07
-74.39	125.63
-65.10	132.99
-93.61	97.72
-158.42	162.71
-100.81	118.93
-121.91	135.23
-88.50	-0.80
-65.90	-42.98
-154.03	161.87
-56.87	-46.66
-149.81	165.65
-102.89	106.61
-56.31	-44.43
-67.97	-35.72
-123.96	103.75
-68.37	-40.73
-59.08	-44.52
-69.23	-43.52
-91.97	18.62
-123.25	145.96
-61.88	-38.25
-74.64	143.82
-120.15	121.05
-124.92	141.36
-103.66	14.76
-65.06	139.28
-131.39	149.51
-139.63	169.69
-95.34	140.23
-120.55	132.04
-71.50	142.77
-133.42	35.42
-105.42	138.00
-133.57	157.52
-123.15	154.05
-125.99	143.05
-83.39	120.81
-145.09	165.82
-61.62	-36.34
-65.97	-47.27
-89.95	-8.60
-64.09	-46.71
-75.28	-30.02
-60.87	-40.10
-54.64	-43.12
-60.38	-33.33
-102.82	164.91
-68.01	-40.30
-168.20	137.73
-99.30	145.61
-60.03	-43.20
-128.23	132.60
-101.61	119.27
54.34	76.39
-164.93	159.68
-118.02	2.04
-159.81	166.62
-166.77	160.30
-60.75	-44.81
-147.18	174.47
-78.71	146.38
-59.88	-39.58
-123.41	136.90
-56.59	-39.30
-114.75	-11.52
-125.91	160.35
-76.08	22.35
-60.00	-51.33
-159.61	167.97
-121.62	131.91
-120.38	178.31
-88.79	2.24
-124.61	134.56
-150.66	175.86
-127.64	146.44
-127.13	130.00
-119.13	102.94
-35.41	-73.67
-109.02	127.62
-111.30	118.04
-167.09	175.33
-116.50	141.98
-51.53	-53.55
-56.61	-13.63
-150.75	172.95
-62.31	-40.76
-67.82	-35.97
-53.08	-48.43
-66.62	-49.26
-112.62	103.30
-147.22	131.66
-127.07	60.02
-129.77	152.11
-149.80	62.00
-152.02	146.46
-124.95	132.67
-143.51	72.28
-70.19	136.93
-73.42	-22.38
-73.21	-0.73
-124.45	109.45
-120.36	61.10
-91.23	132.37
-146.82	166.66
-120.79	-28.05
-115.48	145.18
-53.47	-56.01
-81.36	136.81
-131.95	100.14
-88.77	141.15
-72.02	135.97
-127.70	139.52
-67.22	-59.12
-70.46	129.19
-160.63	169.05
-81.58	-15.67
-91.50	116.65
-108.49	139.40
-102.63	123.33
-60.37	-39.89
-108.03	88.79
-144.20	170.06
-86.12	140.62
-62.51	-42.89
-111.34	150.52
176.75	176.78
-125.57	132.21
-83.88	3.46
-99.20	126.56
-100.03	114.32
-68.51	-35.82
-56.04	-35.60
46.86	14.85
-79.01	141.95
-63.46	-22.99
-72.96	-40.45
-127.34	53.27
-64.76	-43.02
-60.57	-14.97
-81.42	23.46
-58.87	-21.40
-56.78	-62.46
-58.16	-30.74
-105.78	139.90
-65.92	-30.91
-68.33	153.92
-101.58	22.08
-139.55	152.63
-67.60	-25.68
-57.90	-43.96
-131.41	117.40
-97.44	156.01
-170.24	173.96
-100.64	139.42
-119.51	57.14
-153.03	129.26
-162.61	140.43
-137.00	166.46
60.92	36.09
-120.01	126.44
-144.86	161.86
-67.04	-44.17
-96.87	144.35
-127.04	149.62
-122.94	153.54
-113.21	136.04
-115.76	132.75
-80.62	-179.55
-69.97	122.57
-122.76	109.24
-57.78	-44.00
-169.90	152.39
-78.62	157.55
-99.93	166.52
-90.22	111.42
-47.21	-42.08
-73.41	-12.57
-101.64	136.80
-55.46	-43.62
-157.26	169.02
-66.80	-42.01
-136.83	115.46
-135.38	130.66
-123.21	109.90
-117.70	97.98
-78.69	159.35
-55.15	138.45
-61.81	124.75
177.09	151.69
-62.27	-15.68
-67.51	-37.12
-83.05	114.14
-160.25	158.10
-144.35	151.74
-103.41	128.35
-91.47	131.80
-122.74	128.43
-119.05	145.07
-169.07	136.77
-81.14	-25.88
-65.60	-54.03
-70.93	-28.20
-65.49	-19.70
-58.07	-43.98
-65.73	-54.97
-60.60	-49.16
-71.27	-40.91
-68.13	-41.25
-75.61	-33.30
-91.51	10.24
-61.80	-45.64
-124.14	155.44
-109.41	122.37
-117.85	170.98
-153.32	172.42
-67.95	-40.50
-62.37	-44.97
-61.44	-43.49
-131.04	156.53
-65.49	-41.69
-56.78	122.47
-47.19	117.12
-63.92	-39.92
-159.79	130.28
-61.09	125.71
-86.20	-12.17
-66.08	130.22
-61.30	168.07
-57.38	-29.11
-103.75	171.76
-82.05	-34.39
-59.76	-83.00
-42.61	-21.93
-59.84	-43.37
-128.33	147.73
-114.98	130.57
-60.40	-32.33
-87.72	87.08
-166.86	-172.22
-54.98	-43.82
-76.14	-67.14
-128.16	130.59
-109.97	124.79
-128.47	162.51
-146.06	36.77
-143.89	159.13
-96.63	-53.97
-152.09	130.10
-124.97	165.16
-98.16	-1.24
-61.15	131.36
-61.33	-38.53
-73.93	28.27
-118.84	105.25
-82.16	140.00
-65.04	-43.89
-89.60	134.22
-144.22	161.86
-66.59	-44.29
-68.28	-33.79
-65.63	-43.38
-108.34	153.71
-57.16	-49.14
-110.66	-17.71
-127.91	127.56
-96.44	-50.77
-149.18	171.70
-74.40	110.76
-68.01	-38.69
-147.61	137.77
-155.58	141.44
-138.57	178.63
-65.61	141.21
-121.69	165.52
-98.01	134.91
-56.24	158.16
-77.27	113.28
-147.96	163.58
-69.09	126.31
-102.07	154.14
-63.17	144.75
-157.56	159.41
-52.96	145.50
-91.99	156.22
-81.15	160.39
-162.14	165.79
-73.26	149.45
-92.23	127.70
-83.65	132.04
-87.51	171.10
-101.75	119.28
-66.44	144.40
-114.48	110.79
-71.08	174.59
-116.39	116.03
-129.16	30.73
-141.24	112.38
-91.61	112.78
-81.84	117.85
-117.86	-166.08
-60.66	-59.53
-64.40	145.37
-80.31	102.28
-161.51	162.67
-61.00	166.87
-145.06	146.38
-60.85	-46.20
-112.30	122.46
-157.62	171.41
-62.77	-50.65
-55.11	-48.89
-109.25	136.18
-152.58	121.57
-68.70	-39.34
-129.92	121.03
-133.48	106.92
-53.24	-36.72
-67.04	-20.33
-65.41	-42.27
-60.53	-43.68
-64.76	-42.71
-65.26	-44.22
-68.30	-44.65
-148.56	122.60
-133.63	153.76
-124.85	143.56
-154.24	154.46
-64.12	-7.62
-90.41	-13.86
-67.85	-46.65
-113.18	151.61
-167.30	-169.14
-59.59	-38.71
-161.31	175.53
-58.51	-48.64
-99.38	-175.75
-80.88	126.32
-109.96	158.11
-58.06	-46.97
-112.11	152.37
-142.04	15.72
-82.66	147.84
-151.42	114.03
-68.76	-38.47
-58.95	-46.86
-94.93	92.96
-118.29	124.84
-58.91	136.48
-60.94	-40.73
-63.63	-29.00
-62.74	-38.68
-164.69	162.23
-60.06	-41.45
-79.08	144.81
-58.17	-42.55
-34.37	133.05
-94.70	155.07
-147.35	153.60
-143.30	124.38
-97.66	134.54
-68.24	113.96
-71.63	-41.99
-137.16	117.12
-138.50	119.35
-114.69	123.31
-61.83	-41.77
-111.03	128.61
-107.01	120.89
-63.34	153.11
-129.66	148.83
-58.44	-41.83
-105.84	8.87
-97.90	148.87
-137.13	-1.02
-72.45	0.99
-120.69	129.46
-102.77	-9.37
-103.37	121.07
-52.55	-53.52
-157.67	167.40
-92.81	-1.53
-97.50	145.17
-130.84	138.55
-166.37	165.66
-72.08	-6.28
-83.22	-5.31
-72.50	141.02
-70.11	148.12
-134.27	157.21
-58.36	-37.76
-135.74	154.75
-115.88	-154.76
-116.00	129.89
-112.35	142.64
-119.08	163.66
-154.02	167.70
-66.69	-38.91
-134.29	150.90
-52.27	-49.94
-132.45	126.52
-75.05	118.18
-67.45	143.40
-73.07	-79.37
-28.10	-71.30
-61.85	152.89
-88.27	107.34
-131.27	-66.17
-152.14	148.17
-90.48	130.42
-104.57	134.77
62.36	33.39
-115.51	-119.48
-109.66	126.31
-114.14	8.06
-62.44	-45.66
-62.11	-37.06
-75.76	115.70
-80.38	-77.50
-72.21	152.89
-66.37	-35.28
-63.95	-0.39
-76.12	-42.52
-69.71	-35.23
-122.84	139.28
-102.18	137.82
-64.13	-35.66
-96.28	140.29
61.74	27.00
-96.20	132.13
-78.29	-38.14
-137.49	131.23
-103.29	128.33
-62.53	132.32
60.89	55.77
-124.66	145.93
-112.76	156.82
-119.17	150.90
-105.14	117.97
-87.58	-6.30
-77.23	115.05
-156.55	179.77
-152.11	158.18
-105.82	116.49
-78.03	79.39
-53.48	-51.21
-114.71	170.57
-109.91	135.61
23.56	61.08
-59.69	-55.07
-121.54	56.29
-69.16	-41.31
-73.72	-8.64
65.14	12.67
-58.95	-46.36
-82.31	135.48
-96.23	171.86
-143.41	131.53
-96.09	162.26
-102.42	-87.70
-66.63	127.09
71.04	13.42
-80.59	6.03
-117.47	124.57
-125.20	150.43
-138.66	138.23
52.33	34.78
-111.58	123.71
62.35	83.17
-106.28	77.15
-113.37	154.29
-76.10	126.51
-78.95	143.73
-125.21	148.44
-112.78	153.05
-62.73	127.77
-74.32	112.61
-111.97	122.09
-109.81	138.87
-47.86	-64.54
-110.15	140.83
-60.24	167.15
-58.88	117.83
-109.25	-141.44
-79.97	-16.79
-157.64	175.19
-78.27	-6.04
-55.45	139.36
-129.38	-6.23
-75.94	165.03
-70.59	-26.82
-62.16	136.42
-61.05	-45.38
-116.60	142.50
-61.66	-41.82
-133.63	130.01
-60.98	-50.07
-77.29	-49.82
-108.53	-4.31
-111.53	136.75
-159.88	173.78
-52.19	-46.91
-102.30	117.84
65.30	4.97
-103.14	140.74
-61.67	-46.52
-89.33	-17.03
-156.24	150.81
-142.67	166.61
-87.39	147.00
-160.79	163.32
-150.32	154.49
-150.42	131.95
-119.10	130.56
-86.68	133.08
-154.36	165.83
-113.64	155.10
-97.33	119.62
-147.08	138.71
-143.59	114.07
-86.75	101.83
-64.26	-35.07
-69.38	-24.23
-54.69	-43.16
-138.28	147.15
-87.50	-10.80
-55.56	-38.31
-72.20	-34.82
-58.87	-40.04
-110.04	142.81
-64.07	-39.93
-67.67	-41.35
-106.13	-13.60
-130.55	156.74
-103.60	148.11
-93.48	152.73
-125.78	157.93
-113.11	157.08
-98.65	139.53
-62.05	154.10
-107.67	132.27
-67.57	140.16
-77.88	127.33
-95.10	1.09
-147.00	132.97
-105.49	-41.31
-86.27	178.98
-167.85	173.72
-80.18	119.46
-120.58	107.61
-114.40	161.56
-121.84	140.72
-67.53	-14.47
-118.73	162.23
-174.04	176.59
-52.42	104.47
-126.11	117.77
-121.10	133.38
-137.68	116.22
-108.41	119.59
-136.57	141.20
-60.68	-24.79
-131.37	168.17
-108.21	96.08
-110.57	-33.69
-98.88	124.31
-67.49	-36.30
-145.48	156.27
-86.98	173.67
-72.47	-13.95
-59.17	-28.55
-93.20	61.71
-95.51	126.26
-67.34	-40.44
-121.77	29.66
-109.38	110.17
-56.84	-15.13
-132.86	-176.72
-58.81	127.53
-58.17	138.71
-146.92	151.86
58.03	19.60
-134.89	36.34
-108.29	158.07
-168.22	175.45
-137.61	161.16
-144.71	153.63
-147.24	159.29
-58.92	151.16
-106.18	7.36
-90.61	128.43
-169.78	175.78
-91.10	105.27
-135.10	141.49
-120.14	130.43
-131.86	121.77
-53.52	-39.26
-91.94	122.49
-79.82	-35.51
-98.12	4.26
-58.72	-33.01
-68.98	-51.96
-57.19	-39.70
-69.79	151.37
-70.66	129.13
-97.56	1.27
-71.68	123.54
-108.46	15.20
-83.76	-20.81
-65.93	-28.85
-73.81	142.11
-135.42	135.14
-87.31	153.38
-124.66	153.30
-117.94	133.45
-62.36	150.16
-144.68	142.44
-130.33	123.87
-165.21	-169.70
-143.44	134.85
-152.20	145.39
-67.60	-26.82
-60.29	-37.40
-57.48	-39.10
-97.62	-16.30
-53.60	-31.99
-120.06	-21.44
-138.50	148.60
-147.42	149.13
-143.52	128.14
-160.85	178.49
-64.53	-42.70
-57.64	-42.61
-58.96	-44.57
-92.79	43.36
-110.81	149.09
-63.29	-49.46
33.72	54.24
-97.49	-16.10
-82.02	-16.93
-154.30	162.70
-60.75	-41.92
-68.25	-5.18
-61.23	-42.23
-100.35	144.98
-56.45	-47.37
-60.95	-44.96
-65.98	-48.10
-66.26	-48.63
-78.05	116.39
-149.05	17.14
-136.65	111.30
-135.77	127.48
-80.57	161.25
-76.96	149.05
-108.58	82.69
-114.47	108.73
-81.10	-29.34
-134.55	-8.10
-158.98	-178.01
-93.99	110.94
-123.75	95.74
-117.29	141.14
-57.05	92.40
-53.59	-48.12
-102.45	104.70
-144.77	-40.37
-54.97	-42.23
159.95	-28.85
-66.77	-21.66
-161.36	103.45
-75.02	30.18
-109.86	162.99
-139.40	129.72
-71.67	-15.65
-72.64	56.80
-150.61	150.63
-67.40	-33.12
-65.60	150.66
-73.06	-42.98
-83.69	128.21
-76.98	-43.57
-60.22	140.75
-69.56	-14.37
-77.03	166.26
-70.70	-21.96
-98.12	4.05
-81.19	130.23
-109.86	138.18
-121.55	-6.38
-124.18	128.26
-64.74	-42.73
-70.09	-36.41
-129.62	-36.02
-116.40	-27.75
-111.83	126.27
-90.73	135.98
-124.26	163.41
-60.35	-44.04
-127.45	152.09
-118.29	110.78
-122.25	130.14
-58.85	120.49
-105.98	8.76
-62.53	-41.79
-61.44	-42.08
-66.02	-16.00
-60.30	-35.68
-77.71	-27.05
-76.14	-42.06
-106.38	14.80
55.82	54.78
-87.32	132.69
-95.71	127.21
-59.66	-48.23
-66.25	161.11
-86.71	-6.26
-136.98	151.75
-113.33	139.53
-120.83	120.34
-58.99	-44.58
-95.50	1.05
-60.90	122.64
-65.42	149.65
-72.66	-34.35
-70.49	-41.39
-97.74	105.96
-58.55	-43.18
-112.48	-2.65
-135.32	175.20
-87.33	134.98
-60.60	-36.06
-70.19	-36.19
-67.46	-35.21
-86.35	-35.06
-68.39	-22.64
-68.60	-56.93
-73.54	112.45
-67.20	137.70
-120.54	100.65
-58.51	-40.49
-139.90	-171.86
-76.74	123.84
-67.09	-35.48
-57.79	-36.52
-78.31	-32.70
-61.82	-31.99
-108.77	-38.98
-54.55	-48.01
-95.85	-32.20
-64.46	-6.33
-160.57	134.13
-116.90	128.46
-75.43	108.70
-136.37	100.73
-151.13	158.42
-80.79	171.87
-80.13	-11.53
-63.09	131.92
-127.05	146.22
-77.98	-99.06
-50.59	137.63
-70.94	92.11
-78.92	83.45
-52.96	-38.35
-138.91	140.35
-75.45	-37.17
-172.88	165.20
-63.81	112.15
-104.91	113.87
-58.54	-29.11
-132.47	139.90
-47.65	-52.46
-60.83	142.81
-130.30	156.81
-132.72	130.38
-55.97	-42.19
-57.59	-46.77
-78.57	114.52
-65.56	116.25
-125.68	15.13
-63.86	-51.98
-63.39	138.23
-76.04	-11.16
-138.54	154.56
-65.36	-27.73
-59.20	-23.53
-70.06	-35.56
-70.73	-31.89
-58.58	-42.37
-133.82	42.73
-68.75	-38.59
-63.03	-44.85
-121.89	133.01
-115.34	132.20
-74.76	-41.57
-153.54	124.19
-98.33	-17.66
-105.42	-11.80
-130.54	147.85
-120.37	146.47
-119.26	177.85
-147.32	147.73
-160.74	134.76
-122.93	158.13
-156.97	124.16
-93.79	99.05
-51.97	-56.69
70.62	37.06
-59.00	-36.41
-119.12	144.64
-68.75	-46.86
-111.56	148.31
-104.60	-13.91
-112.18	125.73
-66.37	-43.93
-64.53	-21.29
-95.13	14.44
-162.36	161.86
-101.19	15.23
-146.18	144.31
-82.83	136.78
-92.99	144.65
59.39	43.26
-70.21	-33.43
-63.71	-47.26
-117.79	126.41
-127.89	162.60
-148.63	162.29
-116.52	133.95
-113.53	126.30
-131.36	155.30
-118.21	111.68
-99.27	129.57
179.38	176.35
-118.59	28.42
-125.80	143.62
-160.97	120.68
-150.52	135.82
-99.59	133.91
-89.31	99.47
-166.15	142.86
-53.64	-49.00
-126.01	138.53
-62.75	-44.50
-147.83	164.61
-130.48	128.40
-91.22	125.55
-106.91	145.28
-138.43	141.17
-56.76	-26.21
-172.84	97.76
-162.74	130.95
-139.75	170.19
-60.90	-48.59
-161.19	133.05
-115.86	129.40
-136.51	123.22
-147.75	120.52
-71.12	-36.11
46.17	62.63
-73.12	-46.79
-104.17	119.81
-139.34	-147.41
-158.13	-155.52
-58.34	-43.26
-67.80	-21.97
-111.57	134.81
-134.75	138.95
-74.11	147.71
-58.61	-35.75
-124.96	95.76
-98.82	153.32
-132.39	160.50
-81.54	162.18
-70.80	-26.66
-62.89	-34.91
-57.49	-49.81
-54.30	-52.68
-120.95	145.11
-126.33	120.09
-141.74	21.68
-136.07	169.93
-128.44	172.08
-94.89	10.79
-97.25	107.63
-144.27	136.75
-150.09	147.14
-81.91	125.24
-150.77	134.34
-148.50	175.80
-125.96	153.56
-119.81	150.24
-116.78	107.72
-61.97	143.65
-47.05	-50.81
-142.62	117.52
-70.05	-31.35
-117.27	121.16
-71.61	119.21
-81.48	-0.85
-61.43	-38.61
-51.90	-52.83
-61.64	-41.66
-109.69	145.97
-86.15	6.55
-67.83	151.35
-121.28	130.61
-142.07	119.18
-103.04	162.34
-59.75	-36.19
-104.45	25.18
-46.80	130.03
-77.41	-23.31
-75.52	-25.35
-69.28	124.70
-57.65	135.67
-68.91	-25.03
-61.45	-46.55
-99.15	117.47
-157.33	164.79
-85.38	146.22
-160.96	164.52
-53.67	-34.94
-148.15	158.57
-131.16	159.37
-115.62	114.04
-33.12	-48.97
-110.92	166.74
-105.91	156.63
-111.35	116.83
-110.50	118.30
-116.97	-22.28
-90.72	116.81
-151.64	138.87
-65.65	-7.29
-58.63	-51.43
-152.85	157.72
-149.11	122.37
-126.83	151.34
-131.47	147.44
-100.58	111.90
-75.04	121.69
-95.67	134.44
-108.74	155.66
-72.46	121.76
-95.40	-40.84
-152.52	164.49
-148.27	126.19
-130.21	154.87
-128.56	152.19
-126.79	126.67
-68.23	154.67
-79.30	128.25
-116.02	132.40
-87.95	125.64
-76.86	-39.58
-52.00	125.33
-78.66	2.07
-62.06	-38.92
-60.65	-41.30
-57.58	-43.75
-145.62	120.02
-141.32	157.14
-147.98	131.38
-58.93	-59.45
-104.24	120.74
-72.38	-43.12
-49.45	-49.84
-55.26	-42.04
-90.73	137.52
76.09	4.10
-82.81	7.39
-85.19	159.66
-86.08	-3.65
-111.96	-22.94
-129.84	79.36
-62.47	-40.61
-66.15	-41.10
-109.97	23.92
-160.39	109.51
-100.06	149.35
-108.32	155.63
-134.64	157.29
-83.15	102.93
-101.10	130.49
-111.45	113.30
-85.48	-5.41
-130.16	157.79
-100.74	121.16
-60.92	-44.31
-62.63	-42.41
-64.05	-43.67
-101.18	163.27
-68.57	-20.50
-65.74	-38.77
-131.04	140.53
-123.78	133.42
-92.56	103.20
-64.90	-45.34
-67.01	-35.48
-134.80	136.12
-135.20	136.14
-91.15	-0.21
-76.41	137.73
-70.98	149.26
-149.41	165.34
-144.44	140.97
-95.90	158.00
-77.99	-75.16
-153.83	133.75
-100.30	120.75
-89.22	133.98
-167.08	152.21
-106.76	148.50
-91.51	-54.11
-145.59	137.22
-138.69	114.56
-103.35	8.04
-97.08	144.67
-114.56	108.72
-55.80	-34.45
-135.29	126.26
-135.16	178.51
-72.04	138.26
-80.60	-23.66
-115.06	146.61
-63.19	-35.93
-151.67	155.53
-79.35	131.34
-80.26	-34.54
-147.68	111.79
-132.23	134.00
-131.02	129.16
-66.92	136.00
-148.92	168.30
-129.24	133.04
-136.40	134.97
-126.86	67.91
-69.13	-31.77
-113.88	26.83
-122.92	164.38
-76.67	132.27
-69.01	-13.21
-83.30	-27.99
-66.70	-39.91
-55.64	-41.34
-95.68	125.16
-166.54	162.97
-147.14	155.02
-131.39	135.97
-65.13	-31.94
54.54	63.49
-63.18	-55.71
-134.59	166.84
-118.68	151.47
-127.13	151.80
-118.53	148.37
-61.38	-38.51
-66.25	-50.96
-131.08	111.52
-132.85	153.54
-87.38	-3.81
-153.89	139.72
-67.18	-40.67
-78.89	156.40
-173.41	162.72
-72.71	-36.62
-58.07	-45.13
-127.29	160.11
-82.42	-8.39
-61.04	-26.41
-70.84	-37.75
-99.40	-41.70
-120.80	-52.80
-90.49	144.36
-108.38	86.06
-156.68	134.33
-60.09	-34.34
-92.82	79.75
-56.74	-41.24
-105.12	-12.22
-65.89	-53.60
-90.10	-9.58
-65.86	-6.97
-78.40	-48.44
-123.83	63.68
-74.07	113.53
-75.12	97.14
-70.24	154.68
62.82	19.00
-89.43	127.98
-135.49	151.45
-54.25	-67.22
-95.16	31.78
-54.07	-55.22
-80.92	-64.61
-93.57	9.55
-69.04	-36.84
-121.17	-41.13
-92.11	143.83
-74.40	6.30
-72.08	-35.81
-131.67	51.98
-130.28	165.47
-78.43	158.68
-127.69	129.94
-119.59	171.33
-54.20	141.50
-110.43	170.22
-109.21	61.06
-70.86	90.70
-85.32	139.18
-51.41	125.83
-72.72	-25.13
-127.31	133.33
-66.29	137.21
-117.08	128.27
-104.76	10.69
-148.43	-155.69
-134.87	68.71
-172.38	165.34
-116.34	116.30
-120.40	155.77
-92.73	6.73
-62.64	-40.01
-61.94	-36.29
-113.22	168.51
-50.55	-51.64
-135.23	130.00
-78.92	169.65
-66.28	137.98
-54.79	-33.85
-87.86	174.10
-64.09	143.55
-59.22	131.60
-74.30	132.25
-116.25	123.85
-75.30	-8.90
-155.65	165.66
-92.23	-8.54
-125.72	149.26
-44.70	122.41
-86.31	-4.20
-59.15	129.60
-81.17	162.25
-119.65	150.00
-78.45	-17.87
-121.89	148.03
-151.94	123.54
-79.41	177.49
140.30	-46.43
-142.97	113.37
-124.64	107.39
-62.09	-31.22
-68.38	-50.93
-122.42	143.10
-169.35	165.79
-137.04	151.77
-94.37	122.43
-116.73	99.72
-67.10	-34.30
-108.89	97.75
