32
-67.50 177.50 -7.50 0.1495 23.9685
-62.50 -62.50 -52.50 0.1261 18.6245
-67.50 177.50 52.50 0.1232 17.7042
-177.50 177.50 42.50 0.0815 23.7161
-177.50 177.50 -47.50 0.0680 24.2524
-177.50 62.50 52.50 0.0664 19.6556
-67.50 177.50 177.50 0.0572 21.0859
-67.50 177.50 127.50 0.0449 20.4708
-62.50 -62.50 127.50 0.0397 20.3732
-177.50 177.50 177.50 0.0351 22.5465
-177.50 62.50 -127.50 0.0291 22.5714
62.50 -177.50 -47.50 0.0249 24.7748
-62.50 -62.50 62.50 0.0212 21.9045
62.50 -177.50 62.50 0.0211 23.5713
-67.50 82.50 52.50 0.0182 19.4697
62.50 -177.50 -172.50 0.0149 22.0744
-67.50 82.50 -22.50 0.0117 23.2534
-177.50 62.50 -37.50 0.0111 28.0136
-177.50 -87.50 -37.50 0.0106 19.6983
-67.50 82.50 -112.50 0.0080 23.4913
72.50 -82.50 42.50 0.0064 20.1832
-177.50 -87.50 137.50 0.0059 19.6207
-67.50 82.50 157.50 0.0042 26.9034
62.50 82.50 37.50 0.0035 18.7386
72.50 -82.50 -42.50 0.0032 22.3291
-177.50 -87.50 62.50 0.0031 19.8480
62.50 82.50 -132.50 0.0026 25.9866
72.50 -82.50 127.50 0.0024 19.9558
72.50 -82.50 -172.50 0.0020 13.5418
-177.50 -87.50 -102.50 0.0016 16.1296
62.50 82.50 -17.50 0.0015 14.1276
72.50 -82.50 -122.50 0.0012 14.8890