28
-67.50 177.50 -12.50 0.1903 21.9509
-67.50 177.50 47.50 0.1274 19.6605
-67.50 -62.50 -47.50 0.1191 21.5690
-177.50 177.50 -42.50 0.1095 25.0650
-177.50 177.50 52.50 0.0936 24.0057
-177.50 62.50 37.50 0.0608 22.3873
-67.50 82.50 42.50 0.0494 24.8699
-67.50 177.50 177.50 0.0321 18.4312
62.50 -177.50 57.50 0.0211 16.8786
-177.50 177.50 177.50 0.0209 19.8694
-67.50 -62.50 72.50 0.0183 22.4668
62.50 -177.50 -2.50 0.0183 16.1014
62.50 -177.50 -62.50 0.0177 16.4446
-167.50 -82.50 -42.50 0.0170 21.2601
-67.50 82.50 -72.50 0.0152 25.8456
67.50 -82.50 17.50 0.0148 20.8756
-67.50 -62.50 162.50 0.0144 22.3406
-177.50 62.50 -72.50 0.0127 21.4522
67.50 -82.50 -47.50 0.0100 20.9184
-177.50 62.50 -162.50 0.0090 18.4409
-67.50 82.50 -177.50 0.0071 21.4059
62.50 -177.50 177.50 0.0062 21.1936
57.50 87.50 27.50 0.0046 22.0663
-167.50 -82.50 72.50 0.0033 18.6266
67.50 -82.50 -177.50 0.0026 20.2546
-167.50 -82.50 152.50 0.0024 19.7183
57.50 87.50 -67.50 0.0016 21.6949
57.50 87.50 -172.50 0.0006 23.0032