78
-67.50 -177.50 177.50 177.50 0.1975 15.6184
-177.50 177.50 177.50 177.50 0.1148 15.5266
-62.50 -62.50 -177.50 -177.50 0.0635 16.3081
-67.50 -177.50 177.50 -62.50 0.0499 17.6599
-67.50 -177.50 177.50 62.50 0.0456 18.4225
-67.50 -177.50 67.50 177.50 0.0384 16.4322
-67.50 -177.50 -67.50 -177.50 0.0346 15.7368
-177.50 177.50 177.50 62.50 0.0349 17.8037
-177.50 177.50 177.50 -67.50 0.0309 17.9057
62.50 177.50 -177.50 -177.50 0.0284 14.9891
-177.50 177.50 -67.50 -177.50 0.0262 16.8970
-177.50 62.50 177.50 177.50 0.0258 10.8231
-177.50 177.50 67.50 177.50 0.0246 18.1394
-62.50 -62.50 -177.50 -67.50 0.0234 17.8362
-62.50 -62.50 -177.50 62.50 0.0203 20.6036
-92.50 67.50 177.50 177.50 0.0143 15.5612
-62.50 -62.50 -67.50 -177.50 0.0137 17.9856
-67.50 -177.50 67.50 62.50 0.0136 19.1322
-67.50 -177.50 -67.50 -67.50 0.0131 20.9273
62.50 177.50 -177.50 62.50 0.0093 17.5383
-177.50 177.50 67.50 67.50 0.0085 16.3283
-162.50 -87.50 177.50 177.50 0.0085 14.1689
-177.50 62.50 177.50 -62.50 0.0082 12.3527
-177.50 177.50 -67.50 -67.50 0.0079 14.2609
62.50 177.50 -67.50 -177.50 0.0079 13.3243
-177.50 62.50 177.50 62.50 0.0077 14.6665
62.50 177.50 -177.50 -62.50 0.0075 19.8999
-67.50 -177.50 -67.50 112.50 0.0071 36.5166
62.50 177.50 67.50 177.50 0.0067 14.5193
-92.50 67.50 177.50 62.50 0.0062 18.9551
-177.50 62.50 67.50 177.50 0.0060 15.8286
-177.50 177.50 67.50 -72.50 0.0052 21.1130
-62.50 -62.50 -67.50 -62.50 0.0049 20.9852
-92.50 67.50 177.50 -62.50 0.0049 13.7043
-67.50 -177.50 67.50 -72.50 0.0045 21.6574
-62.50 -62.50 77.50 -177.50 0.0044 19.5853
-92.50 67.50 67.50 177.50 0.0041 19.2406
-177.50 177.50 -67.50 67.50 0.0040 21.2921
-162.50 -87.50 -72.50 177.50 0.0037 20.3560
-162.50 -87.50 177.50 62.50 0.0033 18.4040
62.50 177.50 -67.50 -67.50 0.0031 14.7588
-162.50 -87.50 177.50 -67.50 0.0029 18.7795
62.50 177.50 67.50 67.50 0.0028 10.3936
-177.50 62.50 67.50 62.50 0.0025 12.6866
-92.50 67.50 -92.50 -172.50 0.0024 22.0778
62.50 97.50 -177.50 177.50 0.0022 16.2758
-162.50 -87.50 92.50 -177.50 0.0022 29.5629
-177.50 62.50 177.50 117.50 0.0021 19.8902
52.50 -82.50 177.50 -177.50 0.0021 16.7992
-92.50 67.50 67.50 62.50 0.0021 17.5229
-92.50 67.50 177.50 -122.50 0.0019 16.2912
-177.50 62.50 -67.50 -177.50 0.0019 25.0344
-62.50 -62.50 -67.50 67.50 0.0019 25.1642
62.50 177.50 -67.50 62.50 0.0017 15.5198
52.50 -82.50 -67.50 177.50 0.0016 26.7208
-177.50 62.50 67.50 -62.50 0.0014 26.0034
-162.50 -87.50 -72.50 -67.50 0.0014 15.4083
-177.50 62.50 177.50 -112.50 0.0014 20.5687
-162.50 -87.50 177.50 -127.50 0.0013 15.1454
-92.50 67.50 -92.50 102.50 0.0013 28.3197
52.50 -82.50 177.50 -67.50 0.0011 23.2791
62.50 97.50 -177.50 62.50 0.0011 19.4848
62.50 177.50 67.50 -72.50 0.0011 12.1787
-162.50 -87.50 92.50 57.50 0.0011 28.4692
-62.50 -62.50 77.50 72.50 0.0011 25.5547
62.50 97.50 -177.50 -67.50 0.0010 21.2652
-177.50 62.50 -67.50 -57.50 0.0010 25.1985
62.50 177.50 67.50 122.50 0.0010 17.7704
-92.50 67.50 67.50 -72.50 0.0010 29.1938
62.50 97.50 67.50 -172.50 0.0009 28.2454
-92.50 67.50 -92.50 -62.50 0.0009 23.8771
-162.50 -87.50 -72.50 57.50 0.0008 25.1713
52.50 -82.50 177.50 62.50 0.0008 22.6640
-62.50 -62.50 77.50 -72.50 0.0008 27.4218
62.50 97.50 67.50 72.50 0.0007 28.3052
52.50 -82.50 -67.50 -57.50 0.0006 34.4249
62.50 177.50 -67.50 117.50 0.0006 19.1110
-177.50 62.50 67.50 117.50 0.0005 12.0748