29
-67.50 -62.50 -72.50 0.1729 15.1671
-67.50 -177.50 72.50 0.1562 16.1113
-67.50 -177.50 -77.50 0.1298 16.8502
-67.50 -177.50 -177.50 0.0820 20.6111
-177.50 177.50 -72.50 0.0731 17.0249
-177.50 177.50 72.50 0.0708 15.6233
-177.50 62.50 72.50 0.0597 15.5982
-67.50 -62.50 102.50 0.0466 14.8156
-177.50 177.50 177.50 0.0337 20.5927
62.50 -177.50 77.50 0.0223 15.3777
-67.50 -62.50 172.50 0.0325 19.8967
62.50 -177.50 -77.50 0.0269 16.2779
-177.50 62.50 -167.50 0.0184 21.8136
62.50 -177.50 -177.50 0.0141 17.5672
-177.50 62.50 -97.50 0.0126 17.7579
-177.50 -82.50 -72.50 0.0125 12.3152
-87.50 67.50 67.50 0.0060 24.5215
-87.50 67.50 -97.50 0.0046 16.9125
67.50 82.50 72.50 0.0042 17.0308
67.50 82.50 167.50 0.0031 21.6310
67.50 -72.50 -77.50 0.0029 14.8788
-87.50 67.50 -167.50 0.0024 18.4162
-177.50 -82.50 157.50 0.0023 13.4723
-67.50 -62.50 32.50 0.0022 21.9741
-177.50 -82.50 -137.50 0.0022 17.8042
-177.50 -82.50 102.50 0.0022 15.3139
62.50 -177.50 7.50 0.0019 22.8711
67.50 -72.50 -157.50 0.0014 19.9389
67.50 82.50 12.50 0.0006 5.9247