5493
-68.32	-41.55
-77.90	-68.44
-109.83	129.19
-129.21	135.42
-127.44	136.59
-122.35	119.40
-83.71	1.60
-154.13	148.91
-59.15	-35.00
-57.53	-35.09
-61.78	-37.07
-62.94	-34.77
-76.42	-28.49
-101.95	127.93
-63.24	-33.72
-121.50	147.47
-63.37	-28.76
-66.53	-47.41
-63.97	-14.41
-125.52	143.97
-161.04	134.09
-54.63	-45.22
-46.99	-33.05
-92.45	114.56
-71.73	-53.69
-56.89	142.33
-73.86	143.26
-42.27	-56.68
-89.08	-0.77
-58.08	-46.05
-62.87	-43.09
-62.70	-30.69
-129.15	133.23
-147.01	162.73
-64.52	-48.95
-134.91	161.12
-112.75	164.46
-132.35	145.36
-98.95	119.32
-158.77	150.95
59.50	29.80
-109.83	115.86
-131.01	65.31
-72.69	-24.93
-77.00	-27.86
-65.52	146.37
-77.42	5.15
-114.37	-29.65
-59.82	131.43
-57.27	-20.50
-142.61	162.78
-138.35	136.57
-164.98	173.64
-107.55	143.79
-58.29	132.58
-98.57	131.42
-62.63	-37.15
-73.20	-37.97
-54.28	-52.34
-125.84	139.86
-42.62	-47.53
-61.57	129.04
-59.50	-47.06
-65.51	-44.76
-141.22	140.17
-101.50	12.88
-61.75	-40.60
-157.22	-42.22
-111.79	101.05
-71.20	-25.65
-105.48	17.56
-70.33	-27.62
-64.87	-48.69
-64.22	-38.56
-60.74	-43.98
-72.96	-32.39
-59.19	-42.87
-52.18	-45.81
-84.55	153.43
-62.98	-46.07
-74.27	-10.05
-66.34	-35.45
-85.41	-31.18
-68.67	-45.06
-113.29	4.17
-75.91	-32.56
-62.51	147.17
-107.62	144.22
-67.02	-28.03
-151.41	151.64
-111.53	136.79
-74.81	161.77
-71.39	-26.13
-54.82	-23.68
-140.37	95.23
-53.83	-31.07
-60.37	-37.46
-67.03	179.37
-62.17	-33.74
-35.83	-63.65
-126.61	130.09
-85.52	6.74
-72.86	-72.21
-117.88	106.83
-61.25	-42.60
-80.66	-31.80
-59.16	-42.57
-114.17	-17.43
-64.52	-50.65
-106.87	116.53
-61.38	-39.87
-57.15	-40.73
-67.36	-42.80
-58.85	-40.66
-46.63	-65.08
-57.79	-24.76
-93.98	101.46
-56.36	-38.58
-96.61	147.14
-87.60	134.61
-130.51	148.14
-91.84	121.68
-88.95	129.70
-71.10	150.03
-103.89	165.38
-84.14	65.26
-103.79	156.07
-117.63	152.26
-101.71	145.03
-77.66	-17.48
-125.91	132.78
-58.52	-44.71
-107.64	135.18
-70.65	-17.49
-51.81	-36.41
-64.57	-52.40
-58.68	-35.47
-73.38	125.64
-76.05	142.47
-130.90	132.33
-35.46	117.48
-108.15	138.19
-122.06	165.52
-68.46	-104.28
-68.97	-34.37
-51.07	-48.47
-106.52	-20.13
-144.78	164.45
-97.26	131.50
-74.71	99.45
-135.35	159.25
-70.49	143.18
-59.69	-39.97
-61.08	-43.03
-67.07	-47.95
-63.52	-33.20
-80.03	5.11
-60.29	-56.40
-69.22	-49.58
-59.02	-54.82
-60.16	-33.63
-58.83	-35.16
-59.38	-52.27
-51.39	-58.00
-55.76	-47.87
-113.82	-11.49
-67.68	-40.52
-116.23	88.84
-83.13	127.59
48.96	56.74
-68.42	-35.65
-95.80	8.27
-55.06	-50.68
-63.25	-40.42
-98.73	118.77
-78.31	80.18
-94.42	143.17
-42.17	-33.21
-150.82	120.37
-55.82	-46.87
-63.52	-46.16
-61.65	-45.56
-82.75	93.49
-64.39	-34.59
-171.27	159.04
-105.06	151.16
-103.75	156.98
-87.49	-15.06
-116.21	-168.12
-58.24	-43.77
-51.89	-53.07
57.23	39.26
-70.54	-16.81
-114.71	122.81
-55.14	-54.97
-65.41	-45.49
-110.99	123.22
-89.60	175.42
-52.01	-42.56
-84.24	108.55
-50.66	-52.26
-72.32	136.01
-89.75	10.64
-64.41	-43.20
-71.81	-13.26
-91.17	-55.65
77.16	27.19
-66.87	-51.36
49.00	22.66
-64.49	-49.89
-72.16	-9.33
-51.17	-40.29
-111.00	72.26
-53.61	-38.50
-53.38	-42.06
-59.27	140.58
-63.89	-43.51
-136.23	132.69
-63.81	-47.90
-99.18	138.70
-75.43	173.36
-151.76	109.84
-48.38	-51.61
-68.32	-46.10
-139.29	154.92
-75.72	114.51
53.10	36.06
-59.79	-38.83
-69.15	-46.93
-156.58	176.77
-61.11	146.62
-61.68	163.46
-63.32	133.85
-60.01	146.72
-66.49	-45.54
-65.01	-45.13
-107.60	7.58
-68.54	139.91
-54.69	-37.29
-145.07	159.26
-72.31	140.84
-129.82	105.38
-136.18	125.11
-60.39	142.86
-62.00	136.44
-122.88	148.10
-162.77	157.80
-91.00	108.89
-107.09	132.40
-54.29	137.35
-70.94	123.69
-67.46	152.50
-96.76	9.32
-64.76	-28.51
-66.92	130.29
-72.71	158.50
-60.44	-41.20
-108.96	33.27
-109.33	84.03
-65.74	-49.33
-99.81	150.10
-113.77	131.94
-61.57	149.70
-59.60	-38.33
-61.68	-43.62
-117.86	142.06
-174.80	168.66
-96.47	161.70
-76.43	104.42
-62.95	-38.07
-65.28	-18.74
-154.82	136.95
-57.01	-45.25
-69.39	147.25
-148.24	139.44
76.95	-8.73
-81.87	122.69
-73.42	135.25
-61.07	-36.39
-52.70	-43.07
-68.93	-29.49
-132.03	160.91
-110.65	-39.07
-102.33	20.62
-135.97	139.39
-61.77	-48.16
-98.56	136.75
-114.63	-2.25
-105.65	27.89
-116.92	121.07
-67.38	-20.75
-80.18	101.56
-62.18	-42.64
-75.22	-14.10
-94.85	135.06
-71.24	-56.39
-81.31	100.98
-103.53	159.76
-85.21	115.48
-64.21	-34.68
-63.34	-43.84
-83.29	-10.81
-109.06	151.68
-98.39	-1.07
-60.79	-45.01
-78.84	113.48
-94.99	106.20
-47.88	-53.62
-39.15	-58.15
-37.82	140.77
-52.91	-32.41
-96.62	134.86
49.52	38.42
-96.69	108.79
55.70	30.93
-88.37	142.73
-95.32	134.35
62.39	35.00
-95.20	107.80
53.65	37.86
-91.02	150.37
-59.42	-32.28
-68.21	-45.68
-69.96	-10.28
-102.10	132.43
-160.34	155.04
-71.56	104.05
-68.34	136.74
-58.74	-55.44
-60.31	134.51
-62.18	108.59
-48.40	-41.07
-48.37	-56.15
-91.53	62.99
-87.64	133.34
-160.27	155.87
-112.00	144.65
-156.24	169.21
-79.48	-44.64
-70.46	-28.98
-65.33	-47.43
-114.89	128.48
-94.36	130.89
-160.49	-179.87
-78.69	137.67
-75.35	115.81
-129.31	179.18
-74.75	-31.97
-74.23	-54.71
-86.10	133.92
-156.03	149.14
-68.06	-43.00
-55.54	-13.71
-58.57	-53.23
-67.58	-26.29
-71.61	-41.41
-121.38	122.62
-175.46	167.48
-63.31	-39.21
-66.90	-30.37
-63.99	-48.23
-50.30	-32.25
-58.81	-40.49
-104.06	8.08
-61.59	-41.87
-110.06	144.69
-106.48	159.47
-109.17	157.70
-126.94	154.54
-61.84	142.17
-86.35	107.75
-71.69	147.46
-109.78	137.77
-63.54	-37.85
-86.83	135.35
-127.54	152.54
-63.74	148.40
-86.12	-6.89
-97.98	11.17
-121.58	109.40
-46.06	-41.84
-93.25	152.82
-65.35	-46.13
-60.34	-46.05
-61.00	-44.00
-73.59	-27.86
-61.23	-41.04
-102.42	17.36
-67.48	-40.18
-106.44	1.76
-64.25	-36.93
-85.20	157.22
-71.04	-28.08
-64.71	-41.58
-81.10	-7.08
-57.45	-41.40
-119.65	11.67
-65.85	-47.88
-125.88	109.73
-54.05	-37.50
-66.80	-40.04
58.86	43.05
-147.64	106.08
-57.99	-36.65
-86.25	119.97
-124.79	156.88
-66.30	139.87
-144.23	127.31
-62.51	-39.09
-55.25	-44.96
-101.23	154.16
-120.72	153.06
-85.44	77.96
-62.90	136.68
-145.89	156.47
-76.59	-22.50
-44.22	-43.96
-63.02	-41.41
72.24	22.97
-153.21	128.97
-52.25	146.24
-54.01	-52.39
-63.68	-39.43
-97.37	114.96
-62.50	117.34
-115.18	145.99
-139.39	163.32
-114.79	133.20
-65.16	-47.24
-71.38	140.00
-52.76	-42.47
-118.79	-17.80
-60.51	-40.66
-54.21	-58.92
-108.93	146.36
-131.28	139.65
-55.13	-46.20
-102.01	122.90
-142.16	144.43
-102.25	9.51
-155.28	-0.62
-48.93	-52.41
-91.96	135.53
-127.94	131.28
-58.96	-50.74
-59.33	-38.92
-80.55	140.33
-86.66	-178.83
-68.82	147.97
-105.72	151.83
-161.51	170.18
-114.89	137.47
-52.40	-34.91
-59.59	-20.26
-91.07	2.29
-63.70	-40.45
-89.08	5.66
-118.16	145.31
-147.78	155.16
-104.53	124.56
-120.51	142.91
-67.03	-30.71
-66.51	-40.36
-72.56	142.78
-109.49	-25.47
-118.50	117.04
-133.10	126.66
-122.12	150.50
-119.32	159.93
-92.72	85.30
-149.98	150.30
-101.07	0.62
-62.98	-45.50
-69.37	-45.61
-110.29	133.05
-142.35	111.89
-68.78	148.31
-94.42	137.47
-66.48	-47.49
-11.97	-51.59
-60.34	-43.45
-145.82	98.42
-53.60	-50.24
-53.21	-51.37
-70.95	-38.18
-114.11	-26.42
-69.46	127.33
-71.53	-40.61
-118.70	142.89
-124.70	131.83
-59.92	-43.89
-66.18	123.97
-113.60	145.66
-80.00	122.54
-66.33	-35.53
-66.80	-37.37
-75.09	162.76
-78.07	-34.27
-158.54	143.27
-61.08	-35.40
-54.55	-27.99
-65.75	-56.68
-66.00	-36.71
-70.62	147.63
-94.37	150.76
-122.09	119.92
-52.52	-39.22
-144.09	164.66
-77.42	9.68
-137.69	112.40
-58.75	153.22
-146.84	156.00
-144.79	175.45
-166.63	-170.95
-64.39	160.58
-81.01	157.96
-59.35	153.57
-161.65	170.94
-66.98	-26.37
-97.70	-9.31
-72.82	-14.03
-102.31	1.20
-70.71	-59.63
51.46	29.01
-81.87	-38.21
-76.12	149.25
-86.20	112.82
-61.86	-43.01
-112.18	15.39
-124.66	134.44
-156.04	165.46
-121.61	14.75
-101.54	140.84
-105.65	-16.95
-143.38	156.22
-65.42	-60.64
-129.53	132.44
-77.17	136.23
-95.57	0.10
-110.53	170.87
-131.92	166.68
-128.52	81.73
-107.25	122.47
-126.73	111.11
-59.16	-33.36
-71.00	-38.47
-85.55	135.27
62.48	32.27
56.28	32.40
-64.78	-46.19
-105.81	149.75
-114.05	129.20
-53.94	-31.30
-72.35	-47.81
-50.40	-43.12
-49.92	-39.25
-58.65	-29.45
-91.46	158.68
-77.27	-50.99
-108.85	120.66
-48.04	133.07
-156.11	160.19
-89.24	-175.67
-64.15	147.97
-84.94	144.56
-60.07	-37.59
-72.48	-40.68
-116.97	140.73
-110.74	161.99
-64.68	-44.69
-117.09	163.31
-66.10	159.35
-155.74	146.83
-87.89	178.23
-130.71	133.15
-83.66	-23.97
-127.81	140.24
-86.89	-25.95
-76.80	56.40
-68.19	94.02
-48.66	139.94
-83.00	41.30
-125.60	-9.74
-55.59	-34.99
-62.42	-41.59
-58.33	-44.33
-64.21	-43.13
-66.64	-33.24
-95.67	2.44
-61.42	141.63
-60.99	-44.48
-67.79	-21.61
-139.80	-175.67
-110.14	146.24
-81.78	-5.37
-96.97	135.20
-103.39	174.94
-54.13	-60.77
-71.65	142.22
-57.63	133.45
-68.51	160.32
-61.52	-15.95
-140.59	167.68
-118.60	125.49
-53.14	-53.13
-63.27	-17.55
-50.12	-34.34
-43.44	-42.95
-78.55	-8.78
-63.23	-49.13
-130.12	143.70
-148.68	79.19
-89.75	-19.38
-62.29	146.05
-139.08	158.71
-132.21	161.04
-106.66	132.16
-63.36	-45.76
-143.11	157.96
-76.58	142.47
-115.51	139.38
-120.96	101.23
-82.06	-41.73
-75.35	-47.18
-49.91	129.48
-82.35	144.34
-62.87	-30.51
-119.60	143.47
-137.84	167.17
-104.07	-22.16
-64.39	-40.41
-88.04	115.36
-71.16	78.62
-113.55	31.11
74.19	-61.08
-72.10	-39.01
-77.89	170.56
-80.74	72.36
-63.72	-42.97
-73.15	-37.70
-88.14	-44.61
-66.52	-35.91
-52.22	-40.08
-99.51	116.30
-81.48	-46.65
-61.15	131.41
-67.50	-35.06
-127.35	150.10
-157.44	168.40
-124.39	148.86
-48.36	-48.49
-72.55	179.53
-54.55	106.24
-56.61	-40.69
-88.59	107.01
-50.87	-55.82
-143.40	115.15
-90.36	28.16
-60.70	-33.38
-162.52	167.22
-86.05	91.85
-155.93	89.70
-98.58	-43.17
-121.02	33.33
-130.33	120.43
-110.02	139.09
-124.79	147.28
-77.70	130.44
-61.49	-31.75
-137.39	137.38
56.13	17.72
-52.18	-46.43
-123.53	111.59
-59.89	-51.82
-56.11	-29.11
-136.84	122.43
-93.45	106.24
-68.76	-21.57
-69.02	-28.64
-160.31	168.79
-103.07	138.98
-74.24	113.72
-119.36	103.97
-66.71	-20.81
-64.33	-37.94
-63.18	135.78
-76.46	-9.59
-114.69	69.84
-73.90	44.87
-57.72	-47.38
-77.62	-30.40
-145.24	-177.70
-98.50	-24.37
-78.31	-36.63
-58.48	-18.41
-99.74	131.83
-52.07	-43.56
-65.43	-29.12
-105.19	141.26
-65.09	-24.10
-56.68	-36.41
-57.54	-44.66
-72.90	146.55
-111.62	122.28
-118.64	157.50
-107.65	147.22
-168.27	139.83
-59.44	-45.57
-130.56	89.14
-70.80	-44.15
-112.47	153.92
-56.95	150.73
-134.73	129.55
-127.04	128.75
-147.22	164.70
-88.04	112.82
-112.16	145.82
-89.58	4.15
-67.03	-22.92
-60.13	-40.97
-68.68	-45.10
-111.90	147.01
-103.35	10.77
-56.40	148.22
-140.64	49.06
-112.12	105.31
-63.25	-41.88
-106.13	142.74
-87.85	149.26
-62.06	-49.28
-62.02	-10.16
-72.45	-22.46
-61.65	-42.12
-66.10	117.27
-142.11	153.98
-95.93	147.45
-75.77	130.29
-64.88	-43.31
-56.89	-50.78
-95.81	141.43
-110.23	143.66
-62.11	-71.12
-36.68	-67.74
-153.44	160.46
-47.87	-21.18
-20.16	-63.30
-49.82	-54.83
-26.30	-58.67
-36.14	165.99
-51.61	-59.06
56.48	55.30
-143.31	126.25
-63.65	-29.23
-88.13	-50.06
-134.13	102.72
-100.83	120.53
-60.46	-51.56
-108.11	112.43
-139.66	146.75
-112.01	122.44
-115.74	156.05
-63.09	-19.73
-79.15	149.28
-139.98	110.40
-84.89	-11.28
-59.94	133.29
-88.27	154.59
-57.61	132.00
-157.05	117.06
-66.54	-32.00
-156.28	163.75
-62.23	-18.88
-153.15	-178.70
-71.47	116.12
-130.21	133.24
-71.03	-61.79
-122.41	126.61
-53.33	149.28
-141.46	154.26
-45.78	-46.19
-55.66	-46.62
-53.72	-51.21
-103.79	18.28
-80.55	-22.55
-38.38	-42.64
-102.47	-0.18
-171.93	170.39
-61.46	-43.30
-63.86	-43.77
-57.42	-54.33
-52.89	-49.91
-46.78	-42.11
-64.75	-3.92
-60.39	-43.55
-128.05	158.04
-133.96	150.19
-155.21	169.21
-131.28	145.53
-158.09	166.55
-85.38	138.58
-57.13	-36.19
-66.12	-53.30
-83.42	136.39
-82.17	155.12
-96.80	143.59
-125.20	146.46
-95.34	146.90
-96.02	146.16
-93.09	115.49
-76.90	147.06
-125.21	157.51
-106.05	153.51
-65.47	151.03
-72.53	-30.64
-60.82	-46.82
-65.48	-26.10
-112.71	137.26
-89.27	130.18
-137.29	139.21
-87.22	96.94
-147.50	172.63
-168.74	-178.31
-70.19	-35.69
-95.54	26.92
-155.63	150.63
-121.68	130.66
-87.93	-18.86
-97.83	115.60
-100.10	137.08
-58.25	-46.28
-121.10	162.27
-115.16	153.27
-79.65	130.68
-131.35	155.29
-62.10	-46.37
-114.05	144.57
-102.52	0.62
-117.74	133.87
-106.92	136.64
-102.92	132.54
-126.91	131.85
-130.81	145.66
-125.10	142.21
-156.25	169.86
-125.92	144.07
-57.13	-45.45
-72.03	133.59
-60.64	-44.99
-57.88	-43.10
-74.46	-28.88
-56.36	-49.82
-69.82	140.01
-69.34	146.75
-46.93	124.64
-72.72	125.98
-121.05	112.64
-89.12	4.40
-153.15	-175.49
-54.38	140.91
-56.06	-35.16
-72.63	-43.00
-61.43	168.11
-79.04	133.56
-69.77	140.84
-108.63	123.97
-63.39	-19.20
-59.47	138.71
-81.28	140.47
-69.69	141.40
-114.81	153.17
-64.89	133.17
-60.05	146.34
-155.92	160.40
-69.94	-41.82
-80.81	-4.39
-75.12	-52.54
-75.00	135.27
-58.02	-33.09
-55.44	-34.61
-81.80	136.95
-57.59	-43.02
-70.09	-42.00
-84.40	100.74
-83.13	117.05
-131.84	147.32
-98.40	15.02
-138.34	159.75
-100.82	12.18
-141.96	134.13
-139.26	149.56
-143.96	155.44
-155.11	175.51
-132.41	121.62
-135.84	139.41
-57.29	-47.93
-67.87	-43.32
-96.23	-42.69
-68.03	-24.72
-65.96	-42.41
-107.48	138.41
-75.95	107.27
-106.72	-4.33
-58.96	-39.41
-87.93	135.91
-59.56	-40.31
-67.92	-53.92
-48.62	-50.32
-159.44	-177.64
-85.77	130.53
-42.05	-58.13
-64.28	-40.21
-133.87	104.55
-84.40	-7.72
-80.72	132.64
-65.16	-16.60
-71.14	142.15
-146.92	168.07
-64.56	-34.35
-59.26	-50.28
-45.18	-35.81
-88.21	148.36
-118.72	153.03
-95.82	162.22
-73.42	169.75
-109.81	98.17
-65.75	-31.05
-56.16	-38.15
-48.73	-39.12
-137.67	-51.15
-91.95	132.86
-102.15	149.57
-58.76	-32.52
-94.95	104.95
-75.18	-30.81
-41.54	-48.23
-102.22	28.94
-54.22	-37.53
-115.74	154.60
-43.71	-53.30
-64.45	-41.74
-90.56	143.03
-72.68	155.14
-52.70	123.82
-66.19	-24.91
-77.93	-24.03
-77.57	-47.60
-72.41	-18.70
-131.15	123.24
-54.41	-37.82
-66.81	-44.15
-57.45	-45.94
-117.45	-170.43
-119.23	25.12
-108.03	148.03
-59.90	-28.34
-44.62	120.29
-64.95	153.38
-60.27	-45.87
-65.72	151.04
-41.09	-41.61
-76.06	-21.96
-75.43	-25.61
-65.69	-38.23
-52.10	-52.20
-58.22	-64.84
-116.22	-2.54
-147.67	126.76
-90.83	122.00
-83.23	65.04
-74.87	-44.73
-62.63	157.00
-70.07	-35.34
-61.25	-34.59
-145.12	132.59
-147.07	134.41
-64.17	-35.02
-85.83	13.18
-59.05	-38.24
-77.95	127.63
-57.04	-52.89
-133.28	172.12
-78.10	0.16
-110.56	88.02
-121.73	142.68
-107.00	-20.15
-147.24	158.19
-150.46	176.15
-61.08	-40.28
-88.91	-165.16
-93.02	12.71
-73.73	0.70
-116.05	127.17
73.65	17.53
-88.71	5.48
-67.11	-35.15
-71.45	2.62
-128.45	118.96
-120.77	-1.07
-50.82	-48.88
-63.91	-30.60
-166.14	150.91
-41.89	123.44
-45.68	-60.04
-56.88	-48.25
-57.73	-33.57
-60.27	-56.42
-51.35	-42.20
-54.56	-38.20
-66.77	143.19
-48.95	-59.78
-73.70	142.45
-14.40	-45.21
-147.28	156.84
-128.44	133.03
-118.95	113.33
-61.95	-41.99
-50.60	-40.41
-56.83	-39.62
-108.91	14.64
-140.68	-156.57
-69.82	-33.07
-120.24	168.69
-76.81	-40.42
-57.16	-51.78
-125.84	148.03
-78.85	-9.27
-66.77	-16.20
61.71	46.83
-128.44	104.33
-148.25	175.26
-86.79	135.48
19.41	99.55
64.25	3.87
-156.14	158.26
-167.84	178.69
-60.32	-29.10
-91.55	137.00
-68.65	150.82
-60.47	-42.64
-56.49	-35.28
-76.87	-2.12
-58.60	-16.20
-77.74	-0.15
-70.20	134.07
-128.03	-19.32
-91.94	157.51
-48.11	141.81
-93.27	9.06
-65.38	-24.20
-135.65	165.18
-91.43	-16.18
-80.20	127.41
-64.50	132.76
-65.80	-45.75
-61.78	141.22
-140.45	144.98
-154.75	171.46
-105.48	119.75
-148.60	150.10
-60.90	-38.13
-82.49	-33.96
-62.62	-44.39
-65.54	-40.20
-57.99	142.46
-71.17	-33.02
-92.19	116.55
-105.87	136.98
45.70	63.28
-130.14	157.99
-115.10	119.44
47.52	49.67
-76.79	137.93
-94.73	120.61
-65.71	-14.47
-71.72	-32.39
-144.42	60.32
-94.01	-153.14
-63.37	-30.52
-93.22	175.01
-145.11	137.25
-115.98	156.05
-73.52	-68.64
-110.34	154.19
-66.02	-50.62
-116.68	159.05
-67.91	-34.15
-65.93	-41.35
-60.81	-45.71
-161.28	146.96
-60.87	-28.89
-118.19	137.33
-61.05	-47.58
-87.96	64.19
-60.58	-15.72
-62.78	-23.99
-57.83	130.22
-66.88	-45.65
-60.13	-41.46
-117.00	-8.19
-64.70	-37.93
-121.09	84.13
-138.92	-31.30
-76.67	155.51
-152.99	159.98
-85.34	148.84
-78.38	141.33
-56.06	125.20
-56.82	-58.34
-61.90	-47.58
-69.22	-1.43
-65.50	-21.74
-79.68	138.30
-146.98	-177.69
-142.24	158.62
-100.50	121.58
-152.79	138.76
-139.81	161.78
-135.28	71.92
-79.55	141.10
-77.87	126.92
-126.33	24.19
-134.56	142.49
-101.07	-0.87
-61.35	-27.72
-157.21	161.59
-74.41	-6.91
-62.65	143.48
-85.15	-50.80
-65.80	-10.95
-122.44	130.66
-86.36	132.94
-64.09	-13.23
-127.01	130.82
-82.87	66.27
-100.57	114.61
-162.20	178.18
-152.20	151.81
-84.16	141.02
-88.61	-32.31
-82.14	117.53
-166.89	163.07
-53.72	127.52
-68.12	167.04
-130.61	143.47
-95.50	135.02
-52.09	-59.02
-150.25	175.61
-108.22	147.84
-166.02	145.63
-151.75	174.29
-162.69	145.01
-144.71	170.06
-79.36	150.90
-76.16	151.94
-150.82	166.77
-92.58	117.55
-121.83	152.57
-55.15	-51.06
-139.15	165.49
-56.94	-55.52
-78.92	-27.94
-110.46	117.98
-127.81	155.39
-99.41	135.59
-71.59	128.67
-161.84	164.15
-98.88	107.77
-125.94	137.82
-128.58	139.40
-115.29	138.09
-113.21	142.19
-62.91	-42.77
-83.23	144.59
-75.27	111.45
-108.22	140.45
-76.71	-44.89
-110.69	10.19
-46.89	138.16
-106.74	159.34
-153.76	159.58
-75.36	-15.84
-147.63	147.89
-146.56	156.48
-104.47	20.86
-124.46	65.35
-145.26	159.50
-147.89	159.05
-68.72	-23.83
-52.72	-49.06
-73.26	118.23
-82.58	79.46
-95.10	-1.20
-132.21	156.98
-128.19	144.50
-134.81	-6.07
-175.01	97.31
-107.78	116.83
-122.29	113.74
-83.68	165.31
-156.57	167.31
-95.55	151.06
-137.48	160.39
-54.58	-27.03
-72.87	-37.02
-138.14	161.86
-130.89	151.25
-109.65	137.19
-59.44	-36.92
-136.83	137.93
-119.45	140.58
-75.20	141.31
-114.43	134.26
-63.38	-35.94
-161.89	174.30
-166.00	153.23
-63.53	-40.16
-117.75	108.20
-55.55	-45.69
-74.93	-28.92
-67.63	-37.36
-73.82	122.64
-131.30	8.97
-56.12	-29.09
-76.43	136.71
-129.63	142.62
-117.33	103.53
-164.27	152.35
-48.81	130.12
-125.84	148.49
-54.28	-44.89
-114.69	-22.93
-65.26	-41.21
-122.48	129.61
-60.25	-38.32
-74.48	138.01
-127.64	159.16
-130.83	157.78
-62.45	-43.68
-140.41	148.93
-135.03	146.36
-61.57	145.68
-62.00	-25.30
-67.93	-22.63
-55.62	-46.40
-70.64	-12.27
-60.45	-50.35
-64.73	128.72
-54.35	-31.99
-62.11	128.22
-57.58	-41.92
-57.69	-42.67
-93.74	140.27
-62.93	-29.69
-60.98	-46.32
-66.93	-40.17
-51.93	137.55
-146.40	158.61
-48.57	-48.89
-90.51	-5.27
-61.98	-56.72
-63.61	-46.10
-62.12	-27.26
-145.78	173.27
-131.96	115.24
-134.69	147.07
-149.43	147.45
-167.11	144.11
-87.46	135.39
-83.15	145.53
-60.31	142.30
-60.30	-48.66
-102.47	141.08
-71.07	-46.97
-134.69	-29.75
-116.53	-7.09
-123.98	151.09
-54.67	132.41
-51.75	-41.48
-113.91	-62.00
-63.96	-41.89
-109.19	159.05
-130.38	119.15
-63.44	-38.96
-107.64	117.33
-64.58	-39.35
-79.50	165.70
-70.64	-47.23
-111.42	134.25
-91.08	17.64
-70.60	-39.45
-53.94	-51.52
-64.32	-45.03
-57.72	-26.99
-65.90	-55.17
-55.25	-42.01
-83.75	154.62
-68.24	-21.23
-66.62	153.66
-76.56	-17.02
-62.64	-41.94
-88.11	-30.98
-66.46	-40.42
-136.13	137.47
-113.25	93.17
-54.04	-31.86
-85.38	129.57
-79.17	141.84
-82.28	-10.07
-99.02	1.01
-103.93	121.93
-123.82	143.42
-66.48	-54.85
-85.79	163.67
-119.40	137.97
-70.52	112.78
-65.86	-45.79
-63.09	-45.04
-107.05	136.35
-82.61	135.24
-79.82	133.15
-157.52	159.52
-86.50	84.15
-60.84	-43.02
-55.03	-53.91
-96.21	1.05
-104.09	-21.49
-120.53	-15.56
-89.56	-7.35
-86.97	110.30
-65.68	137.53
-63.32	-43.92
-63.26	-46.33
-79.73	-25.18
-49.23	-41.43
-115.14	-31.39
-53.65	-32.18
-77.41	154.58
-61.60	-52.50
-100.94	-33.53
-64.27	-23.36
56.13	13.35
-72.11	-33.15
-109.40	20.01
-68.91	-26.47
-59.81	143.70
-112.71	124.74
-65.64	-38.85
-139.60	137.81
-150.22	150.90
-104.81	-35.80
-59.35	-43.36
59.96	38.90
-61.80	-41.20
-87.38	136.49
-90.30	103.00
-60.54	-36.23
-72.89	-28.69
-55.09	-42.44
-66.42	138.38
-61.56	-18.56
-60.63	-39.85
-63.76	143.92
-80.01	149.45
-127.61	155.78
-100.48	162.81
-39.47	-58.55
-87.02	-28.36
-39.74	-51.99
-100.79	153.94
-67.65	-51.23
102.43	-58.69
-93.65	-6.92
-131.59	140.78
-66.44	139.94
-85.38	-40.63
-68.32	-36.19
-151.04	115.28
-103.21	142.01
-133.04	158.95
-99.93	166.75
-146.23	133.31
56.90	-113.06
-91.42	150.58
-51.37	130.34
-65.05	-40.63
-60.76	-43.53
-95.29	3.68
-60.49	129.75
-45.60	-51.81
-59.68	-32.16
-162.04	172.97
-83.49	142.57
-62.86	-49.26
-126.85	19.12
-58.50	-47.06
-56.20	-40.66
-59.45	-39.83
-72.91	157.90
-55.06	137.49
-137.15	138.87
-152.14	160.23
-112.67	130.57
-118.15	133.28
-57.39	-46.71
-58.81	-47.72
-68.82	-66.39
-47.09	149.93
-132.98	123.91
-129.70	124.72
-121.75	142.61
-109.46	131.94
-115.93	132.46
-121.36	162.52
-66.25	146.91
-81.73	144.30
-52.27	128.09
-96.25	-12.57
-94.38	144.59
-85.56	163.68
-100.55	139.56
-156.13	162.07
-130.30	126.63
-87.01	126.35
-108.11	152.38
-115.36	135.36
-87.52	79.24
-139.06	-162.27
-104.44	132.01
-130.32	158.42
-138.59	136.72
-90.17	146.12
-66.40	-41.87
-161.99	164.19
-103.87	11.36
-65.87	-12.26
-81.64	133.48
-93.32	-8.83
-88.61	-8.89
-130.92	154.01
-143.13	124.24
-150.58	153.52
-56.44	136.40
-84.00	106.80
-109.19	29.05
-76.10	-14.67
-65.26	-38.07
-120.43	149.47
-74.21	-29.85
-61.63	-45.44
-107.32	141.04
-111.30	139.82
-143.60	160.54
-59.76	131.72
-63.94	134.90
77.07	-7.91
-70.04	128.20
-60.24	-43.45
-63.25	-51.55
-68.44	-23.41
-111.44	15.03
-49.29	-55.24
-58.67	-28.26
-62.63	-44.32
-116.06	119.21
-69.09	1.94
-81.87	-8.24
-61.26	-26.61
-103.94	-22.16
-58.22	-43.11
-65.86	-35.82
-89.37	152.43
-111.56	131.09
-68.92	-12.57
-138.71	-22.94
-119.61	128.16
-65.64	-24.35
-52.37	-53.24
-128.53	147.01
-92.79	122.50
-67.97	-29.12
-70.49	-32.76
-63.12	-23.81
-116.71	131.83
-77.75	-47.31
-67.56	-35.36
-110.01	-169.70
-90.03	13.58
-78.60	5.45
-179.64	168.37
-65.42	-1.72
-48.66	-43.65
-67.91	-18.13
-53.02	-39.18
-59.09	-40.53
-64.61	-45.96
-69.86	-29.00
-64.44	-45.81
-67.34	-45.57
-63.20	-10.51
-75.80	-36.05
-45.02	-49.60
-78.96	135.19
-136.53	97.75
-62.55	-38.89
-169.39	127.28
-61.85	-21.33
-66.88	-46.37
-67.90	-47.53
-58.58	-35.64
-62.58	-39.49
-129.84	146.80
-156.60	167.17
-74.25	146.69
-113.90	7.43
-61.11	-43.28
-63.52	-40.49
-55.08	-46.13
-60.01	-33.22
-74.45	-17.25
-44.97	-65.01
-141.62	147.30
-72.13	116.47
-133.21	122.59
-60.53	142.51
-150.69	166.09
-72.17	142.03
-64.10	-48.77
-54.18	-42.41
-109.51	161.45
-52.25	-51.27
-119.09	124.03
-143.29	154.85
-146.96	161.97
-88.18	-5.36
-75.69	-7.97
-151.16	153.78
-118.24	117.08
-141.76	-1.25
-145.32	148.46
-143.33	151.87
-157.36	152.54
-110.71	117.10
-69.45	-36.33
-105.02	133.40
-83.52	-35.35
-53.57	-42.66
-61.51	-43.48
-151.21	168.30
-123.40	103.03
-54.19	-47.71
-85.11	14.73
-138.60	142.90
-161.63	153.31
-107.61	112.40
-83.88	123.89
-95.52	171.83
-84.06	100.61
-60.58	-42.81
-82.85	-5.27
-118.25	100.51
-58.80	-49.49
-76.49	-14.05
-52.30	-36.95
-63.72	-60.67
-72.98	-31.20
-77.25	105.92
-77.50	-49.51
-69.21	-38.59
-59.84	-53.28
-108.75	174.10
-60.52	-28.34
-87.65	-10.43
-111.06	-8.61
-58.13	-57.11
-59.27	122.23
-134.26	139.65
-57.67	-47.92
-86.96	-9.40
-86.65	141.78
-153.21	111.82
-128.54	125.94
-64.76	-37.77
-77.33	-13.88
-56.59	-46.54
-61.41	-35.24
-131.21	113.91
-58.90	-49.65
-64.92	-38.24
-71.91	154.65
-60.19	-30.47
-89.76	125.05
-65.03	-18.22
-169.05	127.53
-116.44	152.93
-136.66	124.49
-50.86	-11.84
-55.93	-57.26
-131.16	120.87
-71.97	124.36
-160.09	170.46
-115.04	130.79
-123.72	145.35
-91.94	125.11
-82.52	78.95
-67.03	-34.46
-161.94	148.90
-92.27	-46.49
-121.04	146.67
-103.48	90.49
-153.00	175.16
-56.49	126.51
-86.42	122.22
-93.41	137.51
-103.53	133.55
-87.69	123.33
-144.05	163.86
-85.26	-24.67
-121.59	147.32
-67.24	136.94
-64.31	-45.06
-61.64	-46.34
-80.68	-24.91
-108.66	-28.89
-159.19	162.74
-61.85	-43.16
-59.06	-28.96
-139.88	148.17
-66.02	-57.59
-78.73	-39.28
-83.66	120.64
-58.43	-46.75
-93.83	103.25
-80.99	120.16
-59.55	-38.71
-126.99	159.83
-70.29	-21.06
-61.76	140.52
74.60	5.95
-61.43	-14.57
-104.53	158.00
-52.38	-41.92
-163.53	166.22
-36.25	123.47
-65.31	-34.15
-55.45	-38.39
-67.52	-59.44
-100.64	128.13
-157.66	144.80
-72.98	148.82
-112.46	7.35
-65.30	-19.70
-64.16	-35.78
-135.47	160.77
-143.90	174.08
-63.25	-41.94
67.91	101.80
-63.81	-42.80
-116.27	148.12
-91.58	-50.56
-66.62	135.88
-64.82	-34.47
-89.57	137.86
-114.86	2.74
-83.24	136.73
58.31	30.23
-68.09	-35.72
-112.88	118.43
-82.71	-4.20
-95.69	115.22
66.82	17.56
-121.91	129.81
52.22	40.22
-62.10	-47.09
-62.56	-38.84
-58.73	-45.92
-92.68	-3.12
-166.09	110.37
-127.11	125.39
-147.63	141.30
-82.79	133.57
-58.20	-29.81
-72.53	-175.04
-132.40	141.77
-115.17	134.95
-54.20	-35.43
-56.55	-30.83
-78.87	145.90
-118.58	-4.38
-139.09	166.36
-90.62	-27.94
-73.24	134.31
-114.32	111.46
-98.96	-25.47
-69.65	-40.01
-61.30	-48.86
-66.29	-20.93
-65.99	-25.84
-116.11	3.51
-75.33	126.22
-139.17	159.42
-145.06	150.80
-61.32	-44.08
-99.90	98.60
-85.86	136.02
-87.13	-8.27
-47.08	-42.48
-68.94	-51.24
-161.81	115.15
-109.69	-174.33
-86.39	132.32
-64.49	-34.54
-60.04	-43.83
-54.37	136.76
-79.82	-10.73
-95.75	110.34
-76.14	134.91
-82.98	-6.89
-116.86	167.90
-123.87	132.00
-113.94	162.20
-77.75	149.62
-114.19	122.28
-70.58	-34.76
-69.89	174.22
-107.89	-19.04
-138.64	140.21
-76.57	-29.92
-65.69	-56.57
-91.05	151.09
-80.62	131.78
-57.30	-6.86
-138.12	144.62
-74.40	121.80
-68.03	-37.64
-55.49	-33.28
-102.89	125.94
-79.11	-53.19
-58.31	-26.11
-130.97	154.52
98.24	-5.58
-64.10	-48.66
-60.30	-28.36
-63.86	-46.49
-58.11	-41.06
-64.31	135.94
-58.00	-37.87
-64.99	-44.48
-130.53	159.49
-118.97	144.95
-71.69	143.49
-67.92	151.12
-72.23	138.12
-71.80	140.01
-71.43	144.27
-62.69	134.36
-53.20	-55.12
-98.78	158.98
-78.57	-29.68
-86.16	159.14
-58.40	-50.81
-66.90	143.04
-129.18	113.90
-139.52	163.47
-101.68	4.77
-51.66	-35.49
-136.06	-164.01
-66.21	116.95
-110.82	131.40
-60.10	-41.25
-56.62	-43.91
-91.90	-2.59
-66.73	-42.15
-68.12	154.36
-58.82	-31.76
-152.59	171.42
-117.24	146.55
-112.17	148.21
-84.35	135.10
-120.63	143.55
-65.14	-43.18
-107.27	13.37
-99.67	8.47
-60.27	-44.68
-49.64	-53.95
-123.04	136.68
-110.74	91.43
-62.32	-46.61
-52.34	-41.43
-73.31	-35.29
-74.91	-18.87
-62.77	-28.43
-64.19	-38.89
-53.66	-40.95
-67.81	-36.75
-63.69	-41.68
-70.79	-26.64
-53.64	136.74
-86.93	133.49
-120.39	141.08
-81.14	-45.43
-119.54	-16.85
-67.05	-37.44
-102.49	103.80
-131.41	155.71
-66.36	-32.24
60.98	22.83
-68.63	-12.93
-98.38	-0.75
-60.30	-39.19
-61.63	-52.03
-71.57	-10.09
-85.64	-13.31
-77.73	-26.91
-81.19	-25.43
-151.85	168.51
-60.50	-47.89
-78.98	-30.70
-102.35	123.88
-117.35	154.75
-105.57	174.26
-56.04	-44.14
-78.34	151.10
-59.88	-36.68
-128.28	157.63
-103.23	123.44
-100.68	134.19
-60.27	-26.30
-63.50	-43.22
-65.27	134.80
-84.23	157.31
-63.54	-48.54
-55.20	-42.34
-64.63	-36.65
-63.46	-52.76
-82.80	139.30
-152.90	130.31
-79.52	90.96
-103.89	136.37
-54.21	-52.11
-35.76	-61.02
-59.65	-22.66
-23.69	-51.06
-35.61	-58.39
-61.08	-39.24
-52.03	-64.15
-52.60	-49.55
-59.68	-52.70
-90.43	-3.21
-52.58	-37.60
-61.59	-49.05
-64.72	-46.47
-52.09	-45.66
-59.83	-47.08
-79.49	-22.75
-121.78	125.69
-102.37	103.82
-70.70	-40.62
-58.25	-46.39
-60.11	-47.24
-66.11	-40.28
-105.11	128.59
-61.50	147.91
-44.27	-40.75
-115.49	152.04
-84.31	52.33
-61.68	-38.85
-158.45	161.57
-124.00	145.22
-62.17	-44.24
-105.06	108.67
-67.38	-17.44
-54.62	-40.08
-63.37	-45.80
-59.50	-44.63
-65.94	-46.63
-72.79	-14.14
-97.64	148.77
-117.29	26.62
-86.82	138.83
-85.56	-27.86
-70.12	-41.72
-151.88	164.27
-57.32	-24.50
-61.30	-44.93
-82.70	75.99
-67.46	-42.25
-126.17	22.48
-121.18	90.07
-84.98	-154.57
-76.52	-1.40
-145.94	158.13
-70.67	179.59
-140.56	139.59
-72.65	-19.52
-110.81	-175.57
-55.23	-49.70
-49.58	-58.92
-62.14	-66.41
-54.23	-29.40
-60.62	-61.28
-57.70	-42.60
-50.72	-39.26
-64.82	-34.21
-65.47	-33.77
-100.46	126.05
-70.55	133.97
-105.23	96.23
-97.48	7.55
-62.22	-34.53
-63.50	-20.24
-65.79	-44.26
-60.41	-31.75
-59.75	-51.05
-69.82	-50.63
-73.64	140.70
-62.84	141.46
-122.84	141.35
-84.55	128.51
-75.43	-12.30
-119.28	144.50
-116.06	130.71
-139.10	137.07
-119.34	138.41
-101.43	139.30
-120.16	140.34
-64.80	-39.60
-67.74	-33.73
-71.18	-13.91
-71.18	157.99
-139.75	-176.41
-136.10	174.05
-50.92	-36.12
-97.11	-11.76
-107.36	49.42
-54.61	-60.89
-62.61	-47.09
-64.81	-30.32
-64.06	-40.54
-60.81	-54.14
-69.70	-40.37
-77.27	-21.62
-59.88	-34.56
-96.49	6.83
-66.06	119.86
-63.40	-35.53
-111.86	140.49
-100.87	148.98
-115.73	135.51
-138.32	105.34
-86.12	137.66
-61.25	-40.58
-54.07	-48.86
-59.73	-37.18
-77.06	124.38
-55.68	-43.54
-76.60	-11.61
-101.89	119.84
-68.22	-49.18
-89.16	126.01
-123.61	128.64
-102.86	131.49
-103.50	84.20
-58.87	-44.83
-69.80	-21.08
-97.46	111.78
-66.23	-40.33
-44.06	-23.82
-50.00	148.85
-78.45	-2.76
-61.83	125.25
-112.05	104.27
-60.26	-37.02
-66.96	-30.25
-72.50	-32.29
-104.79	76.70
-82.83	149.92
-54.12	-44.41
-59.20	155.61
-131.90	152.20
-89.51	122.44
-74.29	140.50
-61.51	-44.41
-102.76	153.39
-66.90	-26.69
-63.30	-38.95
-152.88	140.99
-70.51	1.55
-93.97	-69.92
-111.83	-18.41
-49.29	-51.28
-124.84	131.15
-70.88	-46.73
-128.35	158.87
-101.06	144.40
-146.15	-162.58
-60.81	-17.79
-64.59	-36.37
-115.23	12.83
-60.66	-45.03
-101.37	140.60
-51.45	-53.22
-94.54	110.16
-110.28	151.70
-72.11	-29.55
-94.02	5.15
-58.96	-53.41
-44.27	-62.65
-121.20	118.57
-22.70	-83.31
-48.06	-56.40
-70.56	-45.14
-69.39	-33.48
-60.06	-27.37
-71.63	-14.61
52.72	42.45
-76.55	-0.14
-66.12	-35.34
-58.47	-48.47
-56.00	-46.67
-64.24	-40.30
-126.85	175.13
-81.90	-23.50
-53.88	-21.69
-55.60	-51.00
-71.82	107.68
-165.52	134.89
-97.89	-1.20
63.10	55.73
-95.15	55.49
-90.06	-57.26
-87.99	87.40
-82.26	102.62
-110.01	-27.93
-60.32	-46.94
-70.56	-11.81
-87.04	138.55
-79.89	-1.14
-104.40	111.77
62.70	9.13
-61.55	132.23
-71.31	-11.90
-121.40	146.13
-63.84	-19.06
-67.94	-10.85
-60.41	-44.99
-98.37	111.41
-76.87	-23.42
-68.44	-34.52
-95.45	125.05
-64.93	-44.85
-43.25	-33.20
-95.97	137.82
-53.79	-52.38
-70.39	-34.13
-102.38	15.01
-56.40	-37.10
-151.70	164.06
-119.68	109.20
-77.68	-40.81
-67.14	-44.98
-60.04	131.91
-73.52	139.11
-83.98	134.19
-138.07	155.51
-87.13	159.25
-99.37	15.55
-64.13	-17.79
-87.84	-29.16
-126.50	126.73
-53.77	-48.25
-117.19	-7.22
-69.20	135.63
-95.62	116.03
-85.12	112.64
-63.61	-41.75
-70.26	146.20
-111.48	138.22
-138.22	129.11
-86.95	-7.04
-92.55	114.81
-62.16	-37.55
-70.77	-30.02
-120.07	152.37
-159.48	157.79
-138.88	121.70
55.68	59.36
-60.84	-61.32
-65.41	-56.76
-61.26	-53.24
-66.24	-20.12
-111.75	-43.55
-119.50	135.04
-138.18	154.20
-71.14	-32.30
-67.76	-48.25
-101.93	-30.64
-62.98	-35.35
-58.64	-39.13
-73.07	152.74
-64.00	-45.62
-129.50	7.42
-72.93	135.37
-117.37	-39.32
-58.95	-39.97
-79.77	119.00
-62.94	-46.36
-63.23	-34.36
-59.39	-29.20
-140.33	154.36
-54.07	-36.50
-65.89	-35.25
-68.82	-41.32
-68.77	-24.45
-138.99	175.06
-58.24	-54.35
-101.51	144.46
-92.51	84.07
-51.92	-61.22
-63.92	-38.51
-68.81	-57.40
-50.51	-52.22
-144.75	161.29
-154.57	158.51
-141.70	162.29
-76.47	-55.14
-54.18	-48.15
-142.83	150.01
-88.32	153.49
-147.38	178.69
-95.80	115.10
-120.85	-5.25
-108.42	134.91
-125.36	118.44
-153.59	132.72
-80.41	1.01
-76.31	-25.97
-70.03	-39.55
-51.89	129.79
-109.93	122.10
-128.12	116.41
-112.87	135.85
-153.92	128.27
-143.61	141.35
-113.61	129.20
-90.95	134.57
-72.92	141.63
-133.93	118.76
-135.72	157.59
-65.95	-51.46
-118.90	131.83
-164.72	169.66
-56.04	-47.11
-59.32	-35.94
-58.72	-40.55
-77.74	136.55
58.53	29.10
-103.57	147.39
-110.36	-34.94
-62.96	-29.69
-85.04	-33.48
-135.16	134.88
-143.12	148.41
-123.08	136.24
-68.72	-34.97
-68.51	167.35
-76.06	-147.54
-124.03	139.00
-59.22	145.39
-140.71	156.48
-64.07	-41.71
-152.16	160.51
-55.45	-45.76
-63.86	-39.22
-65.74	-44.82
-53.60	-69.64
-44.69	-55.05
-140.21	106.80
-65.25	135.82
-122.78	128.28
-97.10	-28.59
-95.84	-12.63
-58.60	-46.68
-49.86	-61.54
-62.37	-57.44
-68.83	-51.27
-136.92	145.39
-122.59	156.95
-153.45	166.03
-66.59	-22.57
-48.80	124.87
-65.21	-43.91
-62.73	-24.14
-72.17	-19.18
-62.49	-46.57
-72.30	3.83
-76.78	-46.47
-74.12	-24.33
-89.68	103.21
-99.98	108.57
-110.21	118.63
-63.96	-26.84
-61.37	-30.09
-80.81	-9.92
-143.46	117.11
-96.66	143.10
-158.93	175.29
-158.97	164.15
-134.41	140.57
-56.40	134.75
-53.17	143.08
-97.87	158.92
-117.49	110.52
-105.54	132.15
-61.43	132.89
-45.34	-96.10
-123.23	116.72
-133.89	153.77
-60.94	-46.86
-60.12	-31.95
-51.17	-49.47
-130.81	132.91
-66.66	-38.01
-57.03	-45.32
-59.03	-46.53
-131.78	116.07
-48.33	-44.02
-66.38	-43.90
-127.40	158.86
-164.61	157.36
-68.18	-38.67
-99.98	1.49
-88.31	129.81
-132.18	152.40
-56.54	137.83
-157.83	166.53
-154.85	169.60
-55.39	-46.31
-119.29	106.85
-64.64	-21.88
-89.26	92.31
-136.78	-11.37
-93.73	127.99
-166.30	158.76
-96.25	-18.67
-109.74	134.84
-70.98	-39.17
-129.10	110.29
-160.84	170.47
-119.14	-11.09
-75.06	-32.10
-123.20	0.69
-85.47	156.20
-143.11	151.57
-153.15	-33.46
-130.51	148.10
-89.46	-2.64
-132.94	-12.98
-96.58	16.28
-110.08	150.90
-57.92	-32.24
-79.85	-12.85
-126.19	1.24
-118.80	31.05
-103.86	141.46
-68.86	145.49
-82.13	142.36
-85.23	-3.91
-105.73	8.44
-106.08	-149.65
60.47	48.32
-70.41	-32.80
-63.14	-43.94
-132.50	146.62
-131.51	141.35
-67.96	132.34
-148.29	166.30
-66.24	-41.41
-110.71	42.21
-72.62	-31.11
55.29	37.79
-96.66	98.14
-68.80	-38.56
-62.35	-43.66
-123.58	149.79
-64.93	-43.98
-71.49	-32.23
-130.58	136.67
-62.77	-44.55
-141.43	133.29
-118.66	153.67
-125.98	30.92
-49.29	133.48
-69.20	-20.66
-43.67	-36.85
-52.54	-44.64
-58.59	-42.39
-130.42	146.19
-64.04	119.65
-81.79	-47.94
-47.70	-59.66
-102.14	145.66
-74.28	139.74
-58.72	-55.17
-158.24	167.69
-55.57	-28.93
-85.02	-38.73
-108.15	143.51
-77.88	159.14
-92.86	-99.98
-58.53	148.58
-79.32	147.42
-119.12	62.14
-87.38	145.88
-119.45	137.85
-63.43	-41.52
-135.96	148.15
-71.64	-33.97
-54.53	142.98
-70.85	125.77
-129.01	149.99
-146.58	157.00
-78.85	74.98
-147.69	173.77
-72.76	-15.92
-64.41	-22.57
-127.21	133.99
-56.32	-29.44
-101.86	125.15
-107.55	-19.75
-61.19	-64.54
-134.24	162.89
-59.83	-53.33
-76.56	157.11
-50.40	-43.63
-131.64	55.26
-89.44	-42.66
-72.83	-14.58
-102.57	156.33
-54.46	-40.97
-69.29	-47.99
-130.94	117.52
-176.63	161.24
-108.82	143.87
-133.29	159.62
-147.63	115.20
-77.10	147.58
-142.79	89.81
42.90	58.56
-153.96	160.97
-69.19	-29.84
-87.06	120.65
-88.74	-78.37
-59.92	-34.52
-56.52	-48.59
-98.65	-1.82
-154.52	145.82
-59.08	-38.86
-57.21	137.62
-108.36	105.64
-60.79	-29.05
-102.70	18.76
-66.73	-42.80
-83.45	-48.08
-50.91	-48.43
-66.64	-45.57
-60.15	-37.22
-16.69	104.00
-144.26	163.09
-87.83	-33.26
-77.03	-42.80
-72.96	-24.26
-78.99	141.28
-92.56	144.34
-129.02	108.95
-107.77	140.15
-147.82	130.72
-74.70	-3.86
-135.06	138.56
-118.58	166.71
-122.68	158.45
-53.25	-47.11
-68.45	155.65
-72.18	-44.17
-61.63	-48.82
-68.78	-45.47
-92.61	1.77
-59.67	-24.15
-53.94	-47.26
-55.94	-33.14
-78.18	-13.00
-53.40	-47.02
-111.52	-24.02
-132.27	-12.00
-55.57	-35.56
-65.94	-22.49
-84.51	-24.29
-93.36	122.85
-100.45	120.38
-82.62	147.96
-153.30	171.80
-179.02	138.40
89.45	113.14
-110.52	168.20
-53.94	-40.16
-51.89	-41.95
-50.97	-41.28
-70.90	-34.68
-112.06	10.01
-99.11	-7.63
-57.41	-38.41
-150.65	160.81
-80.30	123.24
-61.27	-49.91
-101.03	140.73
-65.94	-39.73
-61.03	-41.50
-102.41	162.35
-87.88	141.36
-60.35	-48.89
-66.61	-39.01
-61.31	-24.11
-102.21	166.04
-87.76	137.44
-61.39	-42.62
-113.97	147.88
-59.23	121.49
-56.22	-33.47
-132.30	-177.04
-79.28	-13.12
-66.61	-56.44
-74.97	123.93
-51.55	-54.59
-79.55	-25.49
-118.54	-15.04
-88.53	158.84
-75.13	121.05
-70.32	-42.21
-71.57	140.96
-115.31	136.56
-63.91	-37.47
-132.70	139.56
-163.73	142.49
-112.26	153.64
-56.70	-38.64
-60.46	-48.36
-98.46	120.92
-125.33	141.74
-53.18	-50.48
-76.52	145.92
-73.23	141.83
-82.02	163.58
-82.42	-8.79
-116.73	-2.86
-60.48	-48.38
-64.51	-38.61
-102.87	23.13
-45.43	-55.54
-56.00	-49.03
-90.97	14.49
-101.19	137.85
-69.28	-16.90
-115.52	-6.47
-67.52	-36.94
-61.42	-47.51
-65.82	-47.48
-72.56	-47.68
-92.82	0.60
-62.52	-46.88
-96.78	165.02
-50.55	-50.85
-60.15	-37.79
-79.08	-11.94
-88.78	143.18
-163.23	-177.82
-103.67	-17.94
-110.22	-15.06
-67.10	-37.29
-68.40	-19.75
-90.13	-16.47
-129.37	-60.41
-54.72	-37.07
-57.75	-27.22
-58.62	-24.91
-112.44	101.82
-117.80	115.11
-59.53	-31.79
-64.75	134.97
-101.69	166.14
-62.63	-40.78
-69.74	-51.33
-58.37	-48.92
-85.03	128.88
-99.39	142.26
-140.66	83.89
-117.99	139.58
-157.51	134.03
-97.39	-19.66
60.28	89.05
-88.09	140.34
-118.00	131.90
-91.90	129.17
-62.74	-34.41
-63.18	-48.66
-62.15	-45.70
-65.85	-38.05
-69.76	-35.65
-111.05	123.02
-69.40	-12.62
-108.32	-13.06
-54.76	-57.32
-52.26	-46.09
-63.25	-47.44
-67.69	-21.04
-59.33	-45.72
-81.57	164.95
-91.45	130.85
65.75	-44.46
-118.30	20.59
-132.07	148.02
-106.23	-25.86
-87.77	-20.34
-163.59	167.67
-165.22	147.34
-134.83	165.83
-55.19	-41.63
-64.58	-37.72
-144.06	133.39
-33.45	-43.37
-145.43	156.32
-80.77	139.57
-75.46	-28.54
-66.93	-17.90
-97.74	130.36
-105.97	147.42
-116.12	-39.84
-112.83	-31.83
-61.88	126.18
-132.78	172.85
-86.58	-178.70
-63.87	140.12
-160.31	174.08
-151.83	79.04
-96.63	126.74
58.12	83.40
-60.65	-45.75
-134.92	131.64
-94.71	-8.58
-75.03	140.02
-73.25	139.64
-99.70	141.13
-147.67	164.31
-151.26	-57.02
-105.86	15.17
-160.36	172.63
-115.89	113.65
-67.40	139.48
-69.58	-50.31
-42.27	-50.19
-71.53	151.22
-53.84	-32.45
-97.68	-4.67
-57.30	-34.96
-93.46	-6.14
-81.46	15.19
-48.04	-46.14
-132.06	164.99
-67.65	12.75
-71.04	-43.14
-77.32	4.38
-144.64	16.29
-62.95	138.16
-106.39	153.81
-61.90	-40.86
-74.04	-31.70
-130.46	143.97
-60.02	-42.18
-119.52	115.15
-95.06	-21.02
-65.76	-36.24
-65.01	-43.71
-67.13	-28.76
-45.05	-54.94
-55.97	-55.48
-79.54	16.85
-73.48	130.38
-65.85	-38.91
-55.07	-41.97
-63.08	-35.51
-64.58	-21.48
-69.33	-27.95
-120.54	124.33
-66.87	-27.21
-140.16	160.12
-166.96	152.94
-159.93	156.71
-80.25	129.49
-90.15	126.09
-88.18	124.03
-62.88	-40.17
-60.47	-47.95
-159.31	140.17
-60.16	-37.71
-112.59	155.03
-62.33	-28.29
-57.60	-39.10
-61.33	-48.56
-61.34	-44.19
-73.82	-48.20
-59.75	-39.62
-113.27	98.16
-92.99	149.16
-61.11	-28.95
-80.65	2.57
-132.16	114.44
-95.57	-25.37
-113.52	119.26
-124.17	158.73
-151.22	154.56
-81.29	83.71
-64.06	126.81
-127.45	166.49
-80.23	110.82
-83.12	-11.47
-66.60	-45.98
-83.22	151.95
-71.12	-16.41
-67.85	-31.71
-134.15	149.53
-111.74	143.90
-102.33	157.97
-151.86	169.57
-64.45	-45.07
-143.65	95.98
-64.86	-26.20
-60.22	-40.02
-77.05	132.54
-101.68	141.91
-77.33	152.03
-64.60	-20.22
-81.57	138.78
-110.98	132.48
-63.28	124.98
-59.71	-30.03
-66.05	-44.83
-57.78	-46.12
-70.10	142.83
-89.12	139.82
-85.56	138.58
-65.98	138.54
-108.92	146.69
-57.75	-42.57
-108.14	165.34
-124.17	133.42
-82.58	115.44
-72.35	-48.20
-107.59	136.91
-77.20	-14.37
-60.56	-44.00
-82.07	-15.83
-131.90	139.27
-69.28	-49.62
-68.32	-47.64
-80.15	-26.40
-93.67	123.65
-138.19	139.96
-63.50	-20.12
-143.71	167.05
-62.85	-36.25
-92.84	124.39
-79.40	-42.16
-133.81	-42.52
-50.42	-28.62
-91.14	12.48
-92.70	18.68
-156.67	166.10
-61.31	-43.12
-70.39	142.48
-153.45	-169.95
176.91	-30.71
-69.52	118.58
-72.30	158.19
-84.49	-15.10
-116.36	20.78
-140.05	123.34
-126.07	137.22
60.63	26.70
-59.26	-32.47
-101.95	146.89
-89.69	112.40
-160.22	152.50
-57.37	139.06
-54.88	-31.61
-61.78	-42.49
-127.65	159.97
55.46	46.83
-113.64	-12.19
-65.59	-47.82
-64.65	-27.63
-53.37	-29.26
-53.00	-51.33
-65.41	-55.97
-67.53	-3.69
-81.25	-6.66
-62.56	-48.88
-57.36	-31.07
-51.56	-36.52
-128.00	31.69
-47.24	-35.95
-95.76	-31.97
-73.37	-28.49
-91.89	-81.04
-89.54	25.48
-116.45	-36.66
-67.11	-38.97
-88.74	5.05
85.94	-3.74
-84.82	145.12
-91.77	135.38
-137.49	136.75
-54.37	-46.40
-94.20	-5.36
-68.76	-33.34
-52.62	-44.14
-60.54	-33.71
-99.50	14.67
-107.28	-36.42
-63.81	-44.40
-72.00	-20.42
-83.93	-1.79
-42.98	-60.25
-64.66	-36.83
-81.66	-44.21
-79.95	-25.49
-64.58	-44.30
-105.28	54.86
-154.50	152.08
-81.05	-10.15
-73.42	136.91
-152.25	138.34
-91.04	167.43
-51.00	-41.54
-84.80	146.19
-68.00	-45.31
-103.79	-1.56
-60.74	-23.18
-57.33	-44.24
-64.44	-40.93
-102.06	110.08
-66.74	139.06
-76.75	134.14
-61.10	-43.58
-144.15	171.75
-83.68	145.89
-157.36	153.97
-64.99	-39.13
-75.21	-12.12
-78.56	-29.01
-70.74	137.00
-160.62	115.60
-56.44	-21.78
-58.32	-35.24
-167.25	141.26
-60.74	-50.75
-54.04	-47.58
-49.83	-67.26
-72.25	-19.10
-53.83	-56.31
-60.17	-44.98
-114.44	105.03
-62.12	-44.61
-132.19	115.67
-55.57	-40.57
-79.11	125.83
-89.01	125.25
-158.01	156.51
-56.53	-47.27
-109.95	134.00
-65.58	-42.71
-69.12	-35.95
-46.44	-37.21
-107.28	164.78
-95.87	-3.76
-150.87	-174.08
-97.71	-1.46
-56.51	-47.52
-61.95	-50.87
-61.54	-46.75
-57.89	-41.27
-64.27	-47.79
-72.93	-42.89
-65.15	-33.05
-57.63	-42.29
-61.08	-46.16
-61.45	-40.34
-88.01	-29.19
-123.25	140.04
-78.82	137.82
-135.52	141.79
-89.75	107.64
-109.27	14.88
-62.98	-37.30
-80.58	-22.21
-63.52	-52.45
-58.45	-30.25
-134.42	143.88
-53.97	-28.73
-90.70	126.33
-110.17	134.23
-110.79	-49.36
-133.50	125.49
-69.14	-48.67
-148.54	178.69
-130.45	152.77
-123.53	17.83
-49.64	-51.94
-110.15	105.92
-102.51	48.39
-177.30	176.36
-64.16	-43.92
-79.85	-11.71
-62.39	-43.71
-55.65	-44.71
-60.86	-26.92
-67.95	-42.71
-68.33	-43.77
-62.48	-28.81
-56.16	-48.46
-61.39	-39.73
-72.85	-31.03
-72.53	-42.82
-68.22	-18.20
-56.22	-55.86
-59.70	-49.76
-49.26	-29.28
-62.44	-32.76
-104.59	111.15
-63.71	-41.55
-59.62	-47.25
-101.75	142.77
-67.87	-43.23
-60.13	-44.12
-105.35	112.61
-54.91	130.60
-71.28	-37.31
-77.87	-9.43
-68.06	130.00
-64.89	142.17
-119.54	115.80
-69.81	-26.33
-68.94	-16.75
-125.15	151.25
-62.16	-46.59
-54.23	-46.77
-69.00	-38.52
-52.94	-28.99
-108.70	-8.86
-83.55	109.36
-134.47	141.44
-60.80	-32.11
-119.09	144.68
-152.89	159.07
-128.36	161.80
-142.38	112.69
-86.93	43.42
-63.54	142.20
-63.86	-31.73
-70.82	164.03
-67.15	-40.54
-64.46	-35.28
-147.73	170.24
-85.20	129.64
-76.73	134.55
-57.78	-38.15
-57.08	-46.65
-129.14	124.59
-161.78	156.14
-137.29	152.84
-91.29	150.86
-65.41	-39.66
-62.66	-35.14
-62.86	-39.22
-114.26	-33.69
-104.80	-0.46
-92.16	11.19
-103.04	133.31
-74.40	-47.36
-66.82	-47.76
-121.29	149.09
-49.68	-57.94
-47.08	-65.25
-64.92	-41.43
-116.53	123.37
-59.79	-43.01
-71.54	-38.00
-52.08	-58.23
-62.03	-27.44
-63.47	-41.25
-59.76	-30.38
-74.08	-4.78
-100.00	152.69
-23.50	-64.68
-126.36	146.75
-58.95	-46.49
-156.48	145.25
-48.65	-58.95
-77.38	-5.58
-62.18	-38.80
-172.12	141.07
-69.63	-28.48
-94.81	121.43
-151.44	168.68
-141.29	162.01
-153.54	163.29
-62.44	-46.82
-59.55	-42.42
-80.11	141.89
-119.18	149.04
-156.46	172.00
-93.60	104.33
-103.88	134.10
-108.02	134.07
-98.62	126.14
-113.09	138.81
-112.45	140.98
-119.01	89.54
-47.46	-53.04
-60.70	-43.42
-84.14	5.09
-63.67	-40.79
-75.04	-21.22
-75.95	-54.81
-102.74	38.69
-53.23	-60.13
-98.17	18.88
-146.75	149.19
-126.18	158.52
-54.05	-45.85
-64.82	-47.05
78.20	-0.11
-64.89	153.81
-105.97	138.02
-112.67	102.32
-130.34	121.22
-150.59	165.10
-92.15	-32.66
-63.01	-45.37
-68.53	-35.95
-115.51	135.64
-67.28	-43.27
-65.12	-51.46
-64.13	148.65
-145.74	139.70
-57.44	-53.47
-65.38	-42.62
-62.02	-29.15
-64.69	-37.10
-68.51	154.94
-112.81	2.36
-136.27	-179.67
-91.27	17.87
-125.27	140.48
-152.31	152.98
-88.56	137.05
-143.51	-65.23
-66.20	-43.94
-75.84	125.43
-71.59	-22.97
-67.04	-40.81
-63.22	-32.81
-99.50	151.20
-59.77	-46.70
-151.93	160.69
-150.62	145.02
-59.04	-37.42
-65.06	-40.38
-92.10	141.30
-54.16	-25.00
-61.75	-47.58
-99.52	170.99
-94.37	-52.16
-124.31	145.66
-133.50	123.74
-122.79	160.27
-127.30	151.15
-65.29	-42.42
-73.04	-53.94
-70.37	125.42
-60.68	-48.90
-125.74	78.55
-57.61	-45.75
-50.86	-29.22
-162.54	164.88
-145.31	133.39
-129.98	121.35
-55.24	-41.64
-86.94	149.26
-80.02	5.85
-78.08	134.27
-52.82	-51.20
-57.90	-57.21
-128.70	169.05
-134.90	150.65
-98.47	144.06
-116.79	138.83
-131.85	-19.02
-89.02	133.53
-57.39	-50.23
-126.98	135.25
-95.13	-36.37
-59.89	-43.39
-105.94	-27.94
-121.15	-16.85
-63.69	-44.90
-60.28	-28.09
-65.76	146.44
-66.67	-33.36
-67.80	-34.42
-67.34	-23.02
-125.94	-14.20
-80.05	7.43
-150.84	159.06
-62.64	-18.87
-76.23	-36.45
-121.11	149.72
-97.08	147.87
-141.01	-16.36
-74.17	-53.97
-108.89	121.89
-67.42	-37.70
-65.67	-44.18
-103.82	131.56
-101.09	-7.87
-143.84	162.17
-60.62	-39.22
-106.73	146.97
-106.59	110.21
-61.59	-54.22
-90.33	140.64
-122.46	152.44
-102.44	127.48
-102.43	142.93
-141.86	113.01
-62.96	-45.82
-56.24	-51.02
-105.59	106.21
-106.15	-3.85
-140.72	116.61
-116.69	122.45
-82.94	146.26
-38.17	-61.32
-111.39	132.96
-149.44	159.99
-63.45	124.32
-121.10	127.28
-146.69	165.99
-124.83	141.72
-85.59	122.80
-95.16	107.39
-62.60	-35.20
-65.76	150.80
-66.94	152.30
-109.25	148.75
-90.26	71.05
-77.32	138.20
-151.99	127.00
-130.38	117.95
-89.58	139.28
-95.67	104.31
-119.69	150.09
-134.02	-179.87
-90.39	116.83
-64.38	-43.22
-97.55	140.08
-126.93	91.42
-121.97	151.61
-110.72	-9.38
-94.21	9.63
-67.51	-53.04
-63.18	158.22
-122.96	148.56
-65.94	-43.28
-55.09	114.76
-128.72	160.26
-112.65	176.90
-161.56	170.38
-85.98	112.36
-104.78	160.64
-135.30	128.28
-56.96	144.17
-107.71	130.30
-96.69	-51.81
60.92	28.99
-71.09	97.06
-138.35	104.07
-73.19	-18.72
-113.40	153.24
-49.51	132.50
-63.62	-19.87
-62.83	-31.51
-112.55	130.19
-131.62	141.30
-46.29	-52.03
-115.71	116.06
-119.69	-88.17
-79.31	139.65
-125.17	156.08
-47.50	132.34
-58.74	145.62
-70.03	-9.53
-114.04	135.51
-70.17	-48.15
-118.83	144.15
-122.16	-74.19
-67.04	148.69
-137.05	-175.62
-133.16	154.05
-128.25	153.74
-142.50	150.89
-128.86	143.70
-135.98	146.27
-114.61	127.16
-150.64	162.36
-85.83	-10.08
-72.57	142.30
-133.05	158.74
-161.90	158.55
-68.97	-34.87
-76.81	9.14
-73.61	-27.69
-111.55	147.78
-67.31	-32.46
-73.24	-18.37
-58.63	-40.01
-121.84	154.75
-71.28	-39.40
-64.25	-37.20
-60.73	-31.25
-63.54	-40.35
-153.81	162.29
-61.05	-35.86
-89.49	67.08
-63.98	-14.79
-96.89	132.64
-130.77	124.64
-127.75	124.84
-149.09	164.02
-86.43	133.80
-102.51	129.99
-63.71	-38.36
-63.37	-23.00
-155.30	158.70
-71.76	127.45
-75.80	118.59
-60.09	-45.87
-59.56	-45.78
-88.69	158.90
-62.06	-48.94
-70.56	-23.43
-63.04	-33.13
-54.12	-42.05
-64.19	-13.67
-63.21	-49.23
109.28	-8.82
-67.24	-38.07
-150.58	93.27
-145.33	139.95
-59.51	131.04
-62.63	-42.97
-75.84	155.38
-131.08	47.55
-63.91	-35.10
-61.15	-40.97
-122.67	151.45
-115.41	123.21
-61.85	-41.72
-72.20	131.75
-115.02	17.64
-66.50	-23.17
-122.05	148.81
-78.31	-38.67
-68.14	-14.56
-75.31	92.60
-92.20	-12.83
-83.57	155.97
-78.79	155.50
-138.97	114.15
-147.75	147.43
-97.18	126.29
-118.58	118.87
-51.35	-38.10
-65.62	-20.91
-150.02	162.42
-53.60	-27.51
-57.91	-42.38
-81.23	-7.79
-64.19	-43.91
-155.84	165.33
-126.53	133.69
-156.12	162.26
-60.04	-45.87
-92.22	159.23
-68.73	-42.09
-81.69	-14.13
-109.68	126.25
-129.90	148.05
-119.04	141.16
-173.61	166.11
-128.42	153.82
-66.54	-50.72
-165.41	169.87
-38.43	-55.97
-85.27	-41.44
-67.72	-39.63
-93.13	123.39
-61.96	-44.11
-54.17	-40.89
-58.30	-43.62
-128.33	164.20
-142.19	148.27
-113.21	10.32
-77.25	-43.55
-64.70	-52.65
-56.12	-37.60
-66.62	-43.51
-60.68	-39.64
-76.72	114.50
-64.81	-24.37
-71.87	-9.13
-158.31	158.26
-81.94	-38.78
-78.65	164.38
-81.01	150.44
-153.93	156.42
-61.89	-37.38
-69.81	-10.80
-53.38	-38.17
-82.73	14.14
-67.37	-36.24
-110.95	15.79
-127.54	153.05
-52.83	-35.43
-72.45	-32.03
-114.19	142.40
-58.26	91.57
-128.56	132.79
-72.54	140.45
-162.34	162.30
-145.34	160.86
-171.14	147.37
-144.69	169.81
-96.48	140.58
-91.27	164.35
-66.45	109.20
-121.11	156.16
-105.63	159.31
-177.35	121.95
-58.32	-41.95
-124.53	90.84
-55.57	-30.54
-145.52	157.00
-122.12	119.55
-145.88	150.82
-94.11	152.79
-136.40	166.56
-142.22	176.32
-139.61	142.96
-125.61	159.25
-142.07	153.71
-119.93	137.65
-102.48	-8.51
-104.80	115.61
-85.40	-45.00
-56.63	-42.96
-56.06	-35.59
-136.27	153.33
-97.65	-22.07
-63.79	-39.21
-82.59	-32.18
-80.43	-42.91
-141.27	149.19
-69.56	-40.44
-81.45	139.04
-170.77	170.73
-63.78	-44.26
-91.22	-21.59
-57.68	-49.96
-75.00	-15.04
-58.14	-52.40
-80.06	-14.65
-65.75	-51.46
-71.13	-19.40
-59.60	-47.37
-72.63	-22.10
-63.06	-68.25
-93.62	-7.78
-101.54	114.82
-53.23	-19.90
-58.88	15.29
-149.71	160.77
-138.73	162.11
-95.29	2.70
-70.61	-35.92
-136.48	112.61
-101.86	76.94
-45.16	-43.56
-42.86	-58.21
-43.73	120.75
-131.59	165.59
-94.48	162.40
-160.55	157.47
-116.16	150.78
-117.84	109.37
-130.03	137.70
-75.17	146.13
-119.28	136.31
-65.80	122.93
-85.72	142.31
-114.91	151.98
-66.47	-48.90
-78.55	122.46
-118.39	164.55
-100.90	101.54
-58.85	-47.61
-71.19	3.78
-130.93	162.17
-58.42	134.25
-52.53	-30.95
-85.48	96.29
-156.89	170.61
-171.32	-84.15
-135.83	132.56
-55.41	-36.93
-54.28	-33.79
-60.94	-47.29
-130.06	110.22
-87.75	110.66
-99.43	2.32
-81.90	-1.50
-60.70	-44.27
-54.21	-47.39
-89.30	57.87
-58.44	-28.02
-118.37	140.52
-149.92	127.56
-55.51	139.18
-105.83	131.96
-97.53	139.83
-103.85	97.70
-75.29	-0.76
-96.09	109.25
-61.86	-55.01
-85.46	123.56
-117.24	-22.15
-82.30	144.58
-67.50	-28.81
-149.13	154.06
-116.68	152.01
-108.38	151.34
-43.11	-73.00
-100.50	123.57
-59.38	135.61
-163.01	160.76
-70.29	141.10
-131.22	123.65
-149.58	173.53
-54.94	-52.71
-59.98	-47.47
-59.90	-46.54
-61.99	-46.77
-75.36	-15.72
-72.65	-10.76
-67.89	-35.93
-132.16	77.62
-63.08	-38.64
-46.20	-54.86
-78.55	139.67
-75.50	-36.74
-102.23	139.94
-125.27	-63.79
-56.75	134.70
-65.41	128.39
-63.37	-41.91
-94.98	-31.28
-90.92	-24.31
-91.97	132.30
-113.29	7.52
-127.01	144.82
-76.92	-22.38
-79.05	-54.64
-59.77	-46.93
-53.17	-56.98
-52.80	-46.67
-61.81	-44.87
-82.45	-38.58
-75.08	-4.54
-118.55	-37.79
-125.38	146.41
-61.25	-41.21
-56.08	-35.12
-65.85	152.77
-70.04	128.38
-56.87	-21.74
-153.42	162.71
-80.06	-11.84
-104.98	148.82
-64.71	-16.41
-63.90	150.33
-123.31	137.63
-78.74	-40.83
-124.22	108.42
-65.24	-38.33
-73.39	136.17
-126.03	23.96
-62.57	-48.74
-114.69	-11.50
-62.73	-53.78
-86.91	-27.42
-117.21	115.41
-111.89	168.34
-64.84	152.58
-87.90	120.04
-87.80	116.62
-55.49	-44.68
-82.45	132.40
-52.59	-52.57
-85.43	143.07
-95.06	6.13
-125.82	143.62
-7.10	81.10
-135.84	-15.89
-60.37	-40.22
-47.58	-43.89
-115.70	132.17
-102.85	111.41
-105.99	137.01
-72.88	131.87
-59.41	-27.33
-116.71	127.98
-60.10	-36.61
-113.38	110.82
-95.21	103.22
-107.74	110.68
-131.00	50.81
-61.59	-43.20
-66.15	-51.20
-137.68	146.29
-103.71	135.55
-64.41	-54.85
-70.63	143.53
-75.84	-34.24
-90.43	176.41
-100.28	134.98
-157.82	145.87
-71.54	-33.45
-61.67	-36.24
-137.98	173.72
-109.16	121.89
-95.30	120.56
-72.68	-32.77
-48.27	-48.00
91.97	-6.60
-68.39	-9.08
-57.87	-42.87
-112.43	-52.40
-90.35	125.01
-123.98	158.28
-79.66	134.39
-98.78	112.88
55.33	-129.02
-58.81	-43.11
-66.45	-31.25
-92.46	141.45
-50.38	-45.36
-61.04	-31.42
-103.67	109.44
-62.37	151.34
-69.21	-33.78
-85.81	141.24
-107.27	136.45
-69.44	147.51
-47.62	128.99
-73.99	157.95
-114.80	134.91
-75.26	132.74
-110.26	126.83
-119.12	75.26
-144.32	160.39
-164.04	138.20
-100.67	29.13
-130.16	113.49
-146.84	162.93
-149.78	-12.52
-69.87	-11.57
-60.77	-28.38
-78.33	-8.48
-59.86	-38.32
-77.70	150.29
-88.53	119.66
62.67	-93.40
-68.67	-47.13
-61.57	-43.96
-80.67	148.88
-65.98	118.61
-73.77	140.14
-110.44	145.75
-99.46	115.89
-64.40	-46.83
-58.73	-44.31
-100.62	-2.31
-71.38	-52.09
-58.12	-44.89
-63.41	-45.76
-67.67	-52.04
-52.42	-41.66
-147.60	143.78
-107.87	121.49
-98.53	5.86
-66.98	-46.27
-61.91	-43.19
-72.91	-29.31
-67.60	-14.65
-60.10	149.19
-65.52	-32.36
-61.87	-37.73
-68.21	129.28
-77.15	161.48
-138.30	154.77
-60.11	-42.15
-103.34	14.02
-109.65	106.15
-86.59	107.56
-75.57	133.53
-73.78	139.46
-119.34	-21.85
-122.56	144.26
-135.31	128.66
-111.45	123.40
-123.64	166.44
-116.29	136.84
-92.37	15.64
-95.40	0.27
-68.34	-24.76
-79.70	-35.44
-121.23	121.09
-89.18	86.90
-61.91	-45.03
-118.26	136.02
-59.98	143.98
-54.01	122.50
-121.25	130.09
-160.58	164.59
-115.95	155.46
-72.80	-13.33
-133.14	144.43
-98.98	128.73
-80.69	123.82
-121.87	155.52
-148.25	152.10
-66.92	-40.10
-62.44	-58.48
-101.99	141.17
-56.25	-48.54
-67.30	-12.53
-177.35	166.20
-138.28	154.02
-73.92	-34.81
-99.20	144.66
-117.21	152.56
-73.61	-18.55
-57.31	-37.28
-124.15	147.37
-119.12	123.46
-127.83	130.89
-140.52	157.69
54.13	-132.42
-106.26	113.49
-116.50	2.27
-142.92	157.45
-119.02	123.54
-71.99	-50.27
-63.67	-43.59
-158.71	166.35
-132.62	130.93
-112.07	98.25
-122.43	123.26
-50.77	-36.51
-37.76	-40.87
-142.65	122.20
-43.44	117.55
-116.05	9.00
-121.87	-10.45
-139.09	155.00
-148.16	154.77
-56.89	-52.45
-98.93	108.67
-88.29	150.98
-69.13	-25.33
-72.60	-27.99
-106.16	11.21
-64.90	-32.35
64.46	49.99
-139.36	150.04
-93.55	153.70
-56.57	-43.30
-151.95	161.29
-54.78	-51.96
-63.25	111.15
-61.46	-54.05
-143.66	143.72
-83.00	143.05
-77.53	138.12
-153.76	165.69
-100.77	129.98
-161.33	116.79
-150.48	174.42
-104.75	107.11
-150.17	156.27
-99.67	6.35
-55.99	-46.70
-64.80	-45.95
-158.30	157.45
-62.35	-20.89
-103.27	146.03
-141.62	152.59
-160.62	170.16
-75.88	123.48
-61.50	-44.86
-61.99	-47.62
-101.34	149.37
-96.08	124.08
-145.51	154.32
-55.73	-24.05
-57.61	138.44
-164.36	172.18
-115.68	102.66
-72.72	-29.29
-66.08	-43.50
-116.20	113.25
-59.80	158.49
-119.25	52.34
-72.01	-33.87
-64.27	-46.41
-82.11	-36.22
-64.38	-33.73
-135.16	142.69
-72.96	151.27
-112.27	82.41
-110.32	-24.35
-144.37	1.75
-57.51	-21.45
-123.52	131.14
-94.84	102.92
-63.67	129.91
-64.69	-60.51
-53.00	-9.15
-100.28	116.79
-142.94	-54.79
-70.44	-26.66
-86.18	52.28
-147.49	165.30
-56.30	-46.71
-50.88	-49.36
-71.55	-52.76
-62.03	-40.67
-69.27	-49.44
-72.18	-40.82
-82.58	-22.82
-118.77	-32.95
-83.29	-39.73
-141.41	166.12
-64.45	-38.26
-55.52	-52.97
-61.06	-39.44
-50.62	-45.84
-47.88	-53.12
-89.49	111.50
-61.45	-40.57
-158.43	166.47
-138.74	135.39
-126.03	131.67
49.54	-109.09
-68.80	142.33
-133.85	-6.96
-63.54	-42.01
-48.71	-45.52
-94.80	-23.01
-83.38	139.75
-127.93	65.48
-85.48	124.66
-90.28	134.41
-119.53	156.48
-58.25	-39.70
-127.35	107.52
-101.97	126.00
-127.36	146.40
-120.77	147.77
-131.96	168.75
-113.57	162.73
-114.25	-13.59
-46.66	135.17
-131.60	140.34
-140.33	146.46
-69.35	-36.58
-151.40	154.38
-138.17	157.97
-112.29	141.49
-152.28	142.40
-110.15	-23.39
-31.62	-49.63
-106.72	108.09
-75.77	-2.96
-62.78	-46.51
-63.26	-42.74
-45.20	-60.72
-167.20	161.44
-123.07	149.67
-49.27	-50.10
-75.88	144.08
-133.31	85.30
-62.80	124.26
-154.51	131.31
-90.68	88.69
-140.13	162.39
-154.59	123.48
-85.53	123.41
-166.00	135.85
-60.41	137.59
-120.18	145.48
-84.43	156.28
-92.90	2.16
-137.69	142.27
-121.45	125.99
-98.74	130.72
-81.52	123.93
-74.66	-30.84
-139.95	153.55
-147.27	158.57
-164.58	154.62
-60.56	-43.21
-110.57	161.82
-136.85	144.91
-58.91	133.42
-117.61	-16.29
-53.32	-40.00
-78.97	128.55
-96.22	13.48
-126.20	5.45
-63.80	-37.82
-71.46	-17.49
-62.22	-31.56
-92.27	-0.82
-150.98	133.41
-111.10	136.68
-121.05	146.06
-59.48	-48.43
-58.33	-48.74
-58.99	-30.87
-134.50	88.98
-119.10	-6.46
-60.55	-49.16
-106.70	156.75
-66.79	-39.47
-63.30	-40.33
-66.50	-33.80
-65.31	-33.33
-132.21	124.56
-131.78	132.45
-65.79	-16.21
77.30	-16.50
-58.16	-46.83
-56.65	-48.38
-80.74	-4.89
-103.70	135.25
-141.00	125.41
-123.83	119.32
-55.52	-48.57
-117.83	73.39
-75.40	160.23
60.97	45.24
-124.47	25.86
-96.60	105.70
-141.08	148.06
-76.07	137.45
-119.02	139.25
-57.21	-48.67
-123.94	93.31
-58.85	-37.35
-83.63	112.74
-70.23	89.92
-89.82	165.75
-64.54	142.91
-147.64	165.42
-61.40	-42.85
-73.72	-28.44
52.39	38.37
-96.46	7.81
-141.87	157.15
-62.99	142.01
59.75	44.41
-93.16	125.37
-76.64	-15.91
-68.30	-36.18
-53.87	-46.71
-61.37	-23.75
-55.63	-32.24
-56.50	-26.44
-78.09	-1.27
-62.68	-25.66
-56.64	-38.22
-52.69	-41.84
-132.21	142.79
-129.73	142.43
-71.46	-43.13
-126.94	83.01
-65.18	-25.96
-57.52	-42.23
-143.82	153.82
-135.40	150.56
-129.14	142.79
-109.06	3.16
-47.66	-40.35
-68.35	2.30
-54.49	-45.14
-99.29	-8.02
-81.44	160.54
-83.44	124.97
-63.24	-43.93
-62.99	-54.37
-127.67	122.76
-102.32	134.92
-66.64	-49.18
-64.07	-34.46
-133.13	157.56
-112.97	-103.54
-162.42	160.62
-135.87	150.04
-56.56	-51.01
-52.01	-54.76
-63.78	-39.46
-72.94	118.87
-71.39	-16.84
-121.97	-7.08
-160.21	173.68
-75.29	-51.09
-132.53	131.70
-64.01	-44.32
-160.34	169.06
-72.03	-173.97
-98.01	-2.18
-87.26	137.35
-62.44	-49.93
-55.12	-45.61
-62.34	-34.32
-62.19	-45.69
-110.50	122.78
-53.48	-23.35
-61.13	-36.98
-81.45	-26.72
-121.60	3.92
-68.56	-27.93
-63.51	-37.70
-113.46	101.82
-45.43	-32.65
-51.29	-39.66
-53.94	-33.57
-100.52	132.50
-150.32	-152.74
-94.07	162.88
-50.47	131.14
-91.96	136.58
-166.93	171.23
-159.91	174.83
-127.26	151.96
-80.88	136.94
-79.59	118.92
-64.36	-40.79
-130.31	141.54
-126.36	150.53
-64.09	142.79
-62.87	-45.50
-85.85	-31.91
-54.50	-39.70
-60.57	-43.00
-59.99	-48.34
-66.96	-17.30
-63.41	-39.32
-87.83	25.43
-85.85	57.38
-156.21	136.60
-54.94	-26.53
-51.76	-51.48
-35.64	142.56
-90.76	150.90
-65.06	142.92
-80.87	-38.44
-70.85	-34.40
-74.96	-17.95
-92.92	8.19
-68.59	-44.74
-60.18	152.97
-54.47	-34.86
-62.42	-31.91
-66.49	-44.62
-87.14	-3.00
-112.17	159.09
-112.32	149.35
-52.44	-42.88
-62.99	-33.70
-52.99	-51.84
-96.17	123.73
-60.93	-37.91
-94.04	134.82
-61.73	-46.61
-87.36	120.10
-82.22	149.76
-60.13	-32.47
-53.78	-35.31
-59.42	-47.46
-97.49	145.49
-64.32	-35.68
-105.23	141.68
-58.13	-49.23
-57.18	-52.92
-64.06	138.14
-89.39	136.86
-64.54	129.81
-51.93	134.39
-85.24	141.12
-63.32	-43.54
-57.44	-50.23
-92.47	3.30
-63.26	-44.70
-83.84	151.40
-129.33	164.73
-68.71	-45.19
-71.06	-33.00
-73.16	-41.48
-66.67	148.13
-69.08	-47.69
-127.86	132.46
-44.70	-40.11
-76.38	-30.38
-58.35	-38.26
-94.11	-1.43
-58.95	141.04
-65.38	-33.38
-51.62	-55.53
-130.20	97.92
-142.50	168.37
-111.56	6.06
-116.93	130.64
-81.33	153.32
-56.86	-47.14
-60.86	-19.72
-80.62	120.17
-140.54	154.31
-153.13	146.50
-108.44	127.78
61.77	15.08
-80.68	-8.49
-76.10	6.84
-120.44	149.23
-115.21	164.94
-60.82	-30.31
-63.26	-24.07
-51.35	-42.51
-71.64	-44.94
74.91	63.91
-70.89	-35.46
-50.72	-51.50
-64.53	-41.98
-56.25	-32.43
-88.49	-48.07
-92.36	119.67
-163.94	179.10
-81.55	99.44
-68.75	166.42
-157.95	165.40
-55.52	-34.43
-108.33	114.68
-57.03	-38.57
-82.88	-29.46
-84.48	146.32
-66.36	-46.98
-134.77	135.76
-66.10	-39.83
-55.83	-47.19
-82.88	125.13
-106.49	156.95
-156.19	137.27
-53.58	-41.33
-104.38	131.41
-151.93	161.50
-61.28	-49.27
-109.14	106.02
-72.69	-14.38
-95.88	16.29
-141.13	62.93
-69.08	-21.83
-62.22	-41.59
-70.46	-35.91
-60.89	-45.74
-57.40	-43.35
-68.09	-39.94
-129.64	152.08
-56.51	-27.06
-96.47	-16.56
-62.23	-43.06
-121.03	-18.29
-70.27	-35.84
-141.21	152.91
-86.29	145.06
-116.32	165.50
-51.79	-57.81
-83.74	135.38
-45.07	-44.93
-115.77	116.67
-159.04	-173.32
-73.19	155.22
-80.79	-28.56
-58.71	-47.32
-63.59	-46.30
-98.18	156.34
-113.72	145.66
-56.97	-50.63
-117.08	132.83
-92.98	139.94
-72.80	117.21
-58.33	136.81
-59.63	-45.46
-65.36	-50.87
-62.17	-36.13
-119.36	134.23
-77.64	153.76
-94.13	146.19
-140.65	164.66
-67.49	-33.40
-62.79	124.09
-133.48	-43.14
-59.28	-51.62
-61.95	-45.86
-95.25	-1.99
-57.99	-46.35
-64.61	-40.11
-64.58	-40.54
-78.85	74.93
-91.85	97.73
-63.02	-36.88
-60.23	-38.38
-62.97	-45.25
-88.62	145.29
-78.74	141.73
-68.82	-11.93
-64.04	-33.37
-141.47	153.53
-64.59	-41.72
-130.61	171.26
-60.93	-41.01
-79.05	-36.90
-97.87	-6.26
-87.50	-21.65
-76.75	133.20
-109.17	-178.83
-134.64	140.62
-103.94	128.68
-125.41	151.47
-125.55	-70.85
-131.43	158.64
-131.39	131.72
-92.67	8.53
-148.49	155.67
-121.70	148.70
-68.63	165.10
-78.95	-6.00
-79.58	-15.83
-166.98	159.81
-139.86	152.46
-98.22	167.12
-78.88	80.16
-86.98	-0.28
-149.71	142.16
-134.78	115.69
-54.29	-38.25
-76.25	139.41
-141.29	139.58
-99.52	117.04
-124.04	119.17
-71.25	-34.22
-100.45	155.74
-95.74	119.44
-62.14	-43.24
-84.19	97.52
-57.43	-35.37
-58.95	154.23
-60.95	-45.20
-75.51	-43.97
-55.57	-55.92
-75.80	-40.05
-52.62	-36.69
-88.61	132.07
-94.84	5.62
-66.56	-59.22
-112.98	-25.95
-59.95	-38.37
-130.45	132.50
-121.80	145.03
-100.25	139.77
-143.67	171.27
-51.46	-32.58
-48.68	-58.65
-72.07	134.84
-66.09	-46.41
-78.48	150.82
-67.43	-46.90
-125.33	164.08
-74.23	-28.55
-136.09	159.32
-64.46	-53.41
-69.14	156.38
-58.95	-50.58
-72.02	-37.18
-68.15	-37.45
-63.03	138.36
-129.25	157.40
-134.81	131.40
-64.86	-23.78
-135.31	138.47
-88.78	-6.41
-111.94	146.91
-147.36	154.25
-79.66	156.68
-111.99	117.60
-111.66	120.60
-116.65	149.89
-96.34	132.46
-94.59	-1.25
-152.63	159.17
-76.59	-30.68
-53.34	-47.43
-63.98	143.05
-98.59	-17.70
-62.58	-45.23
-64.23	-46.33
-165.69	172.56
-62.23	-60.21
-90.79	139.96
-103.77	112.48
-84.84	-11.05
-115.14	121.57
-68.34	-11.85
-65.54	-45.12
-86.90	123.31
-104.04	-29.78
-50.78	-50.81
-79.37	-26.26
-123.36	141.84
-117.26	132.19
-66.50	-38.37
-66.72	-43.48
-70.84	-23.02
-60.52	-50.42
-65.32	-43.83
-68.32	139.37
-56.77	131.51
-109.90	-25.89
-59.55	-24.28
-131.70	132.96
-87.43	131.42
-107.40	127.31
-69.03	137.03
-95.50	125.77
-58.69	-39.96
-157.16	171.54
-158.55	158.27
-127.62	154.64
-79.37	-11.23
-72.22	-10.24
-133.01	149.32
-82.07	129.12
-125.72	140.82
-54.01	-41.45
-91.58	121.85
-162.86	168.01
-86.34	-9.89
-109.11	140.18
-115.74	158.28
-98.67	2.56
-163.32	174.00
-124.97	-39.21
-116.59	137.82
-149.67	173.50
-145.57	166.42
-135.49	125.52
-46.03	-69.02
-136.99	145.44
-55.18	-41.26
-85.30	123.68
-123.13	118.10
-67.20	-42.64
-87.77	126.30
-153.88	158.14
-163.12	160.01
-144.08	125.90
-121.39	152.50
-146.68	149.95
-123.44	101.50
-124.05	-46.90
-50.70	-35.68
-113.91	137.95
-155.45	165.49
-151.17	166.94
-118.38	84.72
-125.59	111.05
-83.48	162.10
-135.94	151.22
-66.25	129.21
-137.87	155.72
-54.60	-29.12
-51.84	-46.73
-95.30	86.11
-62.49	-58.66
-52.72	-27.28
-58.69	-30.27
-72.49	-33.78
-124.45	111.87
-61.32	-49.55
-66.26	-31.18
-118.14	138.58
-56.91	150.73
-123.94	142.15
-54.16	-46.65
-52.37	160.77
-53.69	-29.51
-115.88	86.58
-46.87	-34.67
-69.27	131.80
-70.55	140.03
-86.14	-35.00
-79.44	139.35
-146.04	166.09
-143.38	148.88
-82.92	29.25
-59.41	-30.01
-112.48	87.05
-92.23	-28.64
-56.82	-49.23
-138.34	136.80
-87.59	115.29
-138.97	135.27
-58.82	123.88
-127.92	136.56
-80.93	115.39
-141.66	149.55
-133.63	136.30
-55.56	-47.90
-134.25	141.72
-160.96	165.08
-138.87	161.88
-71.59	123.77
-145.56	170.76
-125.74	115.17
-81.26	144.13
-100.68	107.15
-92.72	-27.72
-62.86	-45.46
-55.95	-56.29
-96.29	135.46
-129.42	-44.85
-69.45	-46.11
-63.36	-42.75
-52.77	-49.10
-53.60	-46.62
-59.67	-46.20
-58.13	-40.59
-30.33	-71.28
-146.32	51.74
-64.81	-12.31
-56.93	-36.30
-127.84	155.03
-127.03	138.93
-58.20	-43.34
-120.96	146.51
-133.37	119.00
-133.46	138.62
-71.64	-8.18
-90.61	16.80
-78.40	-36.14
-150.73	175.84
-133.58	138.34
-91.16	130.37
-69.76	-42.57
-85.24	123.40
-53.25	-38.22
-62.00	-42.57
-74.59	141.40
-103.08	139.54
-94.90	150.70
-56.28	122.30
-58.72	-54.90
-127.62	152.74
-52.69	-33.58
-122.69	116.43
-59.54	-44.69
-61.01	-57.44
-67.02	-36.54
-64.45	-31.65
-115.63	142.43
-64.05	-47.15
-54.98	-44.68
-77.13	169.56
-57.18	-38.50
-129.95	87.43
-54.08	-42.00
-57.01	-56.09
-79.28	149.77
-109.70	-12.82
-71.13	-38.89
-130.99	146.93
-166.53	154.01
-95.92	161.51
-116.22	123.78
-109.29	146.18
-82.16	136.99
-91.37	168.90
-92.45	124.87
-62.92	-41.39
-60.88	141.62
-73.22	135.90
-79.44	163.90
-62.83	-31.92
-69.96	148.42
-58.43	-38.74
-65.43	-17.96
-84.15	128.97
-82.39	70.07
-53.11	-49.31
-99.91	-51.38
-77.45	145.91
-89.74	113.23
-91.58	80.25
-146.39	167.35
-128.68	138.57
-103.92	131.97
-66.74	139.93
-63.02	-21.67
-102.41	-7.11
-169.64	154.90
-161.27	143.52
-97.18	89.46
-79.60	128.80
-75.90	145.76
-85.36	19.91
-57.26	-4.28
-51.38	-46.16
-57.35	-43.42
-165.73	175.85
-139.67	-174.33
-104.28	1.73
-126.81	128.52
-121.86	116.15
-109.68	113.05
-112.79	165.84
-72.94	8.98
-109.57	134.63
-87.80	145.52
-86.02	-32.48
-60.50	-39.09
-63.90	-42.73
-82.91	155.15
-63.32	-41.55
-105.68	1.33
-89.11	125.25
-97.44	121.27
57.34	37.82
-69.70	131.99
-63.98	-44.12
-100.98	98.74
-61.67	-42.53
-66.75	-35.24
-64.11	-49.79
-89.21	153.23
-57.98	-43.69
-156.30	168.17
-135.80	166.34
-110.21	101.10
-139.78	162.39
-63.25	145.13
-59.03	-55.63
-115.42	159.87
-61.45	141.64
-60.86	-39.06
-59.72	-49.21
-76.99	-8.06
-154.21	168.18
-59.41	-43.90
-64.08	-47.80
-64.24	-37.98
-59.86	-37.74
-102.40	24.66
-68.82	153.82
-99.92	45.35
-86.20	-7.24
-80.31	146.99
-63.43	-45.83
-127.64	153.30
-104.27	128.53
-119.69	152.36
-48.68	-51.10
-70.66	-29.70
-70.91	-40.26
-76.04	117.58
-107.69	127.70
-61.19	-42.06
-73.55	-38.42
-116.31	142.44
-69.42	77.32
-96.07	131.39
-69.41	-15.22
-137.38	145.99
-85.55	4.03
-109.87	120.11
-58.96	-31.93
-62.90	-40.67
-54.65	-41.16
-57.85	-51.62
-104.34	-6.23
-95.89	139.54
-57.83	160.19
-65.32	148.48
-64.35	145.88
-80.36	132.69
-62.23	-49.60
-78.88	-35.52
-66.55	-36.95
-57.35	-47.96
-54.41	-52.39
-58.39	152.07
-66.56	-40.96
-96.13	81.39
-141.22	134.82
-80.57	127.92
-99.29	113.47
-64.59	-39.79
-134.18	153.20
-113.82	126.61
-86.18	123.75
-113.21	155.58
-64.27	-32.99
-59.40	-43.56
-66.54	-36.64
-60.95	-45.27
-80.33	128.10
-113.47	9.02
-122.43	103.47
-61.64	-47.26
-140.33	175.31
-144.73	103.19
-59.11	-38.47
-86.43	68.92
-111.47	109.47
-120.47	115.17
-88.71	-12.64
-64.41	-45.06
-69.09	-33.32
-104.76	134.73
-113.04	138.02
-91.48	142.99
-101.33	146.97
-114.56	147.04
-101.90	127.15
-102.06	142.82
-58.88	-43.77
-86.06	176.30
69.68	58.38
-97.02	114.12
-84.88	-8.01
-120.77	153.68
-63.41	-21.38
-71.14	-11.67
-130.88	4.57
-58.70	-40.78
-54.90	-52.99
-62.51	-15.64
-73.87	140.57
-107.77	131.54
-77.07	160.76
-102.92	110.08
-60.35	-37.18
-58.24	-49.06
-138.76	151.08
-133.53	164.39
-131.20	119.82
-108.23	151.93
-71.72	138.75
-89.77	128.46
-80.51	104.69
-52.22	-34.17
-68.01	-48.43
-106.58	7.81
-132.19	156.42
-74.64	136.63
-61.84	-43.91
-145.39	157.23
-171.33	137.13
-49.55	-40.01
-86.06	-30.13
-125.15	139.34
-75.33	120.49
-162.56	161.20
-117.47	154.42
-115.34	145.49
-130.22	162.16
-116.94	130.89
-68.03	134.20
-52.37	-21.79
-70.87	-39.55
-69.41	141.66
-65.55	-46.35
-61.19	-40.13
-61.06	-42.78
-124.03	128.09
-62.53	-37.77
-119.35	118.22
-147.60	116.10
-50.65	-38.42
-57.67	131.03
-56.21	-47.90
-82.70	-33.49
-60.94	124.90
-78.74	134.25
-58.68	-37.54
-60.32	144.06
-161.78	140.51
-147.03	178.37
-79.76	-19.47
-119.74	152.16
-75.42	-49.15
-149.51	159.71
-67.99	-43.74
-83.75	129.66
-53.10	-54.99
-88.47	10.32
-61.84	-29.18
-61.68	159.42
-166.01	135.05
-103.97	129.93
-107.61	-108.61
-78.92	149.19
-61.67	-43.18
-121.59	144.82
-69.49	150.31
-50.01	-31.45
-62.01	-48.13
-79.40	140.28
-79.11	147.71
-110.39	138.12
-74.34	161.94
-108.77	138.12
-57.30	-48.36
-97.77	-23.48
-74.00	-5.86
-78.93	128.86
-130.42	148.49
-108.06	153.67
-140.72	169.17
-129.72	88.06
-68.99	-51.52
-128.63	142.64
-57.23	-48.44
-70.42	-56.81
-60.34	-40.94
-156.64	161.75
-62.76	-46.14
-66.65	-31.49
-98.41	140.86
-53.83	-49.72
-68.37	-33.90
-66.17	-32.30
-66.78	-40.46
-131.93	141.57
-151.72	165.16
-72.84	-36.01
-62.16	-49.12
-159.88	171.03
-154.14	167.73
-55.71	-48.16
-61.66	-34.78
-114.61	138.50
-76.78	-45.44
-61.07	-41.60
-112.07	-157.83
-58.08	-54.06
-67.75	-39.67
-68.58	-58.15
-142.11	145.16
-134.94	99.77
-153.83	141.22
-71.73	-11.02
-71.67	-27.88
-52.21	-42.14
-67.22	-29.40
-62.90	-48.52
-109.80	153.78
-106.18	121.29
-62.85	-46.95
-80.71	-39.53
-86.77	132.40
-114.72	149.75
-67.28	-38.25
-66.15	-34.56
-132.98	161.44
-122.02	155.38
-129.54	150.36
-106.86	131.40
-118.64	146.26
-117.46	147.65
-58.18	-53.18
-52.53	-45.17
-64.22	-39.08
-162.44	140.83
-142.24	139.80
-115.13	125.29
-50.49	134.16
-81.65	147.71
-63.89	-30.95
-99.80	-11.59
-156.71	147.12
-158.96	162.14
-44.91	-39.50
-101.74	0.29
-59.53	-38.44
-126.03	151.64
-69.43	138.62
-67.56	-45.87
-79.90	147.60
-157.02	154.46
-72.45	128.66
-64.41	-21.29
-79.74	-7.88
-134.75	86.21
-86.03	-10.24
-63.98	-43.55
-65.18	-35.61
-140.69	144.16
-160.46	151.95
-63.66	-41.82
-58.90	-30.18
-122.28	113.08
-115.17	120.20
-59.17	-39.71
-112.66	123.97
-135.33	-37.49
-107.48	-29.07
-68.78	100.38
-78.70	-24.04
-112.78	31.07
-99.91	131.92
-106.03	122.95
-45.73	-40.50
-66.04	103.85
-84.23	128.52
-114.38	142.64
-120.81	57.46
-58.30	-32.81
-56.21	-50.28
-69.88	135.59
-122.05	110.48
-45.13	140.91
-82.25	-33.45
-46.57	124.90
-162.60	165.73
-90.61	114.23
-74.95	-24.80
-61.20	-33.74
-130.99	138.96
-77.66	152.76
-128.18	118.80
-62.42	-45.04
-60.51	155.70
-150.02	140.85
-78.14	126.63
-112.05	149.17
-58.83	-39.90
-58.33	-51.58
-87.22	131.57
-61.81	162.49
-62.59	-49.44
-81.97	151.20
-87.26	128.05
-65.48	-39.18
-75.27	-51.71
-88.78	128.53
-69.02	-23.60
-119.35	141.62
-64.87	-18.32
-69.92	137.24
-65.78	-32.74
-93.81	63.31
-57.99	-42.93
-63.99	-47.32
-132.92	161.61
-83.74	137.75
-73.06	131.11
-79.76	128.17
-116.43	14.94
-125.21	128.52
-60.06	-36.86
-55.73	-38.65
-151.19	93.21
-153.83	158.02
-82.96	-13.85
-86.18	0.06
-107.16	145.49
-131.15	126.07
-150.67	156.12
-89.23	136.06
-96.36	-3.89
-134.60	130.68
-112.04	139.82
68.26	5.13
-103.91	18.44
-79.66	126.03
-104.19	122.71
-59.29	-46.06
-172.60	122.38
-74.53	115.05
-63.71	-40.42
-67.92	-29.91
-136.21	157.33
-31.18	-49.15
-179.55	-44.75
-54.45	-52.83
-54.60	-43.43
-105.24	152.45
-124.46	140.78
-113.22	132.33
-64.08	-37.55
-108.84	-1.08
-59.81	-46.91
-103.78	139.55
-61.71	-44.85
-99.42	139.27
-49.64	-54.27
-146.98	164.13
-162.88	157.35
-98.39	101.93
-113.40	149.72
-132.99	148.80
-121.48	2.90
-109.74	-18.16
-55.00	-55.38
-67.08	-42.88
-64.70	-59.14
-112.35	-39.84
-102.80	13.84
-47.00	-41.53
-82.12	-50.72
-84.10	-21.84
-46.18	-59.72
-45.79	-51.28
-78.02	-42.56
-78.12	-44.51
-81.53	-28.81
-70.47	-27.29
-56.86	-35.68
-62.36	-38.89
-33.69	-62.63
-94.32	22.53
-62.68	-19.99
-53.08	-3.63
-65.21	-55.04
-153.85	174.45
-94.85	132.79
-157.14	147.25
-85.53	115.68
-116.04	25.08
-116.76	150.46
-68.15	-39.81
-63.81	-46.94
-64.45	122.27
-119.79	145.06
-84.81	113.46
-99.63	150.78
-138.64	141.15
-104.94	121.53
-120.91	149.54
-97.17	128.66
-148.26	104.67
-104.14	100.75
-42.83	-55.76
-55.22	-52.48
-58.19	-46.15
-96.66	142.34
-126.50	130.25
-69.18	-45.49
-65.67	142.46
-170.93	144.12
-76.05	140.92
-115.20	148.21
-70.31	136.35
-115.84	147.63
-85.62	144.18
-123.18	136.13
-59.85	-41.56
-72.69	7.83
-94.31	125.86
-83.08	145.67
-106.24	131.38
-89.23	-120.54
-152.30	175.63
-127.59	136.61
-76.21	136.95
-63.03	-49.28
-61.98	-37.00
-66.06	-17.87
-69.22	-39.91
-53.24	-42.74
-129.88	-26.73
-108.25	138.01
-115.86	147.73
-98.62	141.98
-125.87	125.17
-67.19	168.71
-118.12	113.17
-127.38	152.14
-78.17	-28.96
-133.08	149.54
-99.32	-0.76
-130.34	152.03
-128.99	151.65
-81.69	77.87
-62.64	-23.64
-120.93	162.00
-103.29	130.15
-131.95	108.47
-145.11	158.61
-59.60	-50.62
-120.39	128.88
-66.97	146.62
-96.90	134.74
-68.91	-36.12
-112.28	-9.06
-57.60	-44.98
-72.17	110.29
-130.46	157.65
-97.39	110.51
-113.22	13.96
-73.09	-23.57
-84.74	-0.74
-124.25	146.84
-129.43	115.63
-77.75	112.59
-68.14	-29.04
-59.51	-40.78
-126.53	143.34
-64.69	-46.68
-58.23	-37.39
-71.94	-42.31
-58.71	-47.97
-65.47	-26.92
-82.50	-25.35
-59.44	-43.69
-86.45	151.71
-112.14	142.64
-64.98	-42.78
-144.16	168.88
-103.60	130.31
-69.84	145.91
-51.38	-25.40
-77.70	132.84
-60.17	134.29
-56.59	-40.01
-54.80	-32.19
-101.88	-62.67
-56.78	130.71
-98.83	87.10
-104.80	135.49
-70.46	-41.65
-60.76	-38.56
-56.57	-33.68
-61.33	-51.72
-64.02	-32.45
-114.93	154.05
-71.85	146.44
-140.76	106.97
-62.59	-40.95
-53.91	-52.15
-157.80	73.87
-144.92	135.57
-144.66	141.51
-62.13	-44.96
-96.89	141.33
-69.44	-40.55
-166.78	91.74
-61.62	-43.41
-56.44	142.96
-96.19	-19.95
-87.63	93.87
-133.38	165.46
-61.10	-42.25
-55.78	-47.52
-75.09	-29.43
-153.80	130.37
-68.52	156.63
-78.81	-10.25
-140.69	127.59
-114.57	136.08
-66.27	-35.17
-98.06	136.41
-148.51	158.70
-122.94	126.66
-91.34	151.61
-81.44	153.27
-84.55	121.93
-124.68	26.54
-126.32	123.35
-153.39	156.37
-129.34	127.61
-86.49	143.18
-150.00	155.33
-118.43	138.63
-114.25	123.10
-89.82	134.47
-66.19	-24.10
-101.22	137.53
-124.12	143.62
-48.55	128.65
-96.93	137.85
-142.59	160.90
-93.04	114.63
-59.41	-48.64
-87.41	121.89
-130.96	146.78
-59.93	-42.47
-77.35	118.64
-93.68	22.99
-75.56	-35.30
-116.30	96.94
-57.62	-26.47
-98.35	116.93
-105.91	-15.71
-100.61	-3.75
-93.62	123.28
-73.85	-10.32
-62.32	2.97
-58.55	127.99
-57.04	-43.34
-69.91	153.77
-80.54	-11.31
-140.83	110.45
-61.94	-43.47
49.62	45.06
-57.72	-38.20
-121.84	-3.00
-59.55	-45.93
-100.57	87.56
-124.71	157.31
-159.89	164.52
-86.64	135.28
-126.64	166.90
-155.31	140.99
-98.58	-43.26
-137.66	146.45
-92.62	139.13
-146.74	169.05
-93.20	98.25
-124.06	146.34
-66.41	140.59
-61.35	-38.61
66.76	23.36
-63.45	-21.98
-85.29	-27.12
-147.29	126.28
-151.33	143.93
-141.85	146.65
90.67	-10.23
-62.21	135.71
-121.42	139.83
-82.80	134.00
-87.76	117.59
-81.24	147.50
-57.33	-34.25
-80.45	134.85
-154.87	113.12
-115.33	111.96
-84.34	134.46
-54.62	140.16
-74.00	151.23
-119.83	153.78
-23.00	-49.96
-69.21	-38.20
-84.06	137.79
-106.27	174.57
-78.89	129.14
-55.96	-33.20
-61.36	-35.89
-58.25	-51.77
-151.34	73.51
-93.86	8.40
-130.52	138.25
-132.93	0.06
-71.62	134.16
-157.29	149.77
-61.67	-47.37
-63.33	138.27
-67.03	-52.10
-87.72	-20.47
-50.05	177.69
-59.62	-48.64
-56.65	-54.75
-58.49	-62.55
-69.88	-64.91
-47.57	99.72
-43.18	-33.15
-74.70	-36.70
-59.23	-59.15
-52.04	-37.01
-57.24	-36.34
-62.57	-48.21
-107.21	-17.25
-80.87	143.44
-67.62	-52.87
-63.03	-42.98
-56.28	-48.73
-77.19	-16.21
-101.17	-2.07
-103.02	6.55
-80.96	139.70
-70.88	-14.34
-108.24	121.39
-78.39	-54.35
-68.68	-30.15
-73.06	-56.17
-67.75	-23.25
-38.92	-52.69
-63.09	-36.00
-143.93	85.76
-53.00	142.76
-69.30	-29.59
-96.41	1.83
-55.78	-47.44
-66.99	-55.42
-112.94	38.49
-79.10	-42.22
-59.69	-46.99
-97.30	-9.18
-132.42	127.62
-69.81	-42.07
-88.80	4.62
-130.52	148.80
-149.96	131.89
-73.16	-39.39
-92.34	2.18
-52.51	-19.12
-72.26	17.63
-86.31	120.75
-55.19	126.94
-94.68	145.57
-68.27	147.15
-163.85	166.41
-86.29	-33.39
-131.89	82.98
-84.18	-7.99
-162.39	71.84
-71.96	-39.04
-69.36	143.97
-55.08	-47.09
-60.37	-41.45
-124.39	-16.54
-102.11	-5.90
-58.73	133.34
48.40	35.06
-61.68	-40.26
-92.69	123.40
-117.74	138.85
-60.71	137.71
-81.83	-16.20
-60.77	-39.61
-74.82	-13.65
-69.32	-39.36
-61.17	139.87
-101.73	134.39
-123.74	153.87
-55.61	-47.64
-55.83	-31.32
-88.17	131.91
-71.45	-34.51
-56.37	-54.33
-59.29	-29.57
-59.69	-34.43
-52.21	-55.45
-64.88	-25.97
-73.20	126.32
-50.85	-41.63
-111.11	136.41
-163.72	161.19
-124.73	162.93
-163.37	165.55
-62.94	156.39
-145.42	160.99
-81.37	-51.56
-68.70	-43.55
-61.56	-46.11
-54.61	-54.95
-74.11	157.55
-70.63	143.23
-57.02	-59.79
-59.76	-42.73
-135.69	147.87
-119.95	135.05
-108.39	165.81
-72.01	-25.35
-63.14	-18.76
-164.52	111.27
-116.36	140.45
-134.05	153.95
-78.33	122.15
-75.97	-14.10
-119.96	143.49
-96.43	9.91
-107.83	127.34
-104.67	128.85
-148.54	-21.90
-65.81	143.86
-95.86	130.76
-76.19	138.85
-70.80	-46.25
-137.26	127.34
-58.16	-47.44
-67.34	-45.48
-102.11	139.94
-149.73	126.78
-54.06	-43.37
-59.81	-50.42
-99.18	18.50
-63.62	-54.55
-127.39	150.11
-89.75	131.49
-100.42	163.27
-74.02	-39.82
-64.29	-57.33
-56.74	-47.87
-58.80	-36.87
-107.90	154.81
-134.52	114.08
-68.11	-35.62
-94.13	113.49
-68.96	-13.26
-68.09	-41.74
-62.29	-47.74
-124.51	133.33
-114.05	131.59
-80.69	142.32
-91.69	110.91
-134.46	133.08
-67.51	-34.24
-105.07	15.35
-91.17	13.99
-55.38	-44.92
-61.91	-46.24
-153.42	151.79
-153.63	163.75
-72.93	162.63
-154.53	162.46
-100.21	-22.60
-81.58	159.48
-86.58	163.64
-74.01	151.94
-108.83	105.05
-132.34	121.09
-127.97	97.60
-116.98	168.19
-119.86	151.72
-83.88	149.10
-145.45	174.58
-60.02	-31.97
-152.64	158.57
-62.61	148.08
-74.73	151.36
-96.44	-48.49
-56.71	-47.96
-101.24	130.87
-104.32	123.01
-124.01	131.93
-57.94	123.65
-99.26	124.61
-76.85	170.76
-128.91	138.69
-133.40	153.08
-63.86	-47.40
-149.10	114.01
-69.30	-2.89
-102.78	-12.95
-68.57	-47.72
-73.61	-48.53
-80.58	126.75
-93.27	135.23
-148.14	136.17
-47.84	118.65
-109.70	116.47
-84.01	-25.33
-62.68	-41.54
-87.41	128.18
-67.45	-30.97
-102.81	127.26
54.48	39.08
-140.95	147.63
-120.54	124.44
-91.33	155.42
-159.45	166.84
-103.70	139.43
-71.45	-14.01
-121.70	121.75
-118.97	155.94
-155.37	165.73
-86.71	53.52
-109.88	132.05
-137.27	157.48
-61.12	-24.70
-58.27	-48.78
-63.21	-41.37
-133.62	133.86
-138.61	113.67
-123.87	148.98
-120.53	163.84
-117.36	144.48
-102.45	144.14
-90.15	4.39
-107.96	136.52
-100.18	160.24
-157.79	151.04
-59.51	-47.54
-69.87	-39.42
-61.27	-42.21
-72.54	-30.31
-52.93	-24.43
-72.60	132.38
-64.29	-40.30
-68.81	-41.21
-61.08	-49.80
-136.09	158.81
-59.24	-52.83
-60.84	-20.23
-113.78	138.75
-49.26	130.00
-153.03	163.70
-109.31	164.11
-72.83	-31.65
-106.16	137.23
-116.93	129.24
-55.66	-30.61
-62.99	-32.97
-110.27	143.99
-85.70	141.95
-96.71	170.81
-165.62	-179.36
-61.30	147.76
-68.00	-57.39
-58.00	-42.60
-97.07	7.42
-151.59	139.14
-105.74	-35.77
-62.63	-50.88
-154.75	133.88
-71.18	-6.13
-125.57	-65.07
-65.83	-31.48
-57.62	-35.79
-67.04	108.29
-95.69	-16.43
-123.26	125.77
-117.18	112.14
-62.62	-27.31
-55.36	-45.40
-96.10	129.63
-147.43	130.92
-154.49	142.39
-71.86	-29.84
-112.76	126.29
-100.06	155.93
-76.36	116.35
-141.67	155.54
-149.01	134.82
-100.05	9.81
-70.32	-23.25
-50.51	-49.01
-58.24	-49.74
-80.98	135.74
-83.54	-40.82
-53.17	150.52
-150.74	156.46
-63.96	-48.39
-56.80	-46.30
-76.96	-40.83
-50.73	-57.93
-78.93	134.47
-54.79	-44.25
-154.93	144.69
-57.50	125.11
-82.72	147.66
-149.46	170.27
-89.33	133.97
-118.11	141.90
-68.99	-26.60
-92.81	13.47
-122.73	159.73
-59.97	-52.28
-173.55	157.18
-102.30	127.52
-149.35	147.11
-53.20	-47.99
-65.59	151.60
-57.48	-44.08
-95.59	29.99
-107.60	147.59
-87.07	169.02
-81.10	136.71
-59.08	-45.02
-69.83	-39.87
-62.00	-40.57
-55.22	-43.49
-56.70	-44.41
-67.26	-30.57
-61.16	150.31
-97.26	-20.01
-64.13	-23.82
-106.52	122.59
-57.95	-47.32
-91.65	72.35
-68.58	-26.69
-90.91	-64.16
-154.83	162.11
-107.10	151.42
-102.08	150.86
-58.40	-37.39
-169.85	161.50
-94.89	129.21
-60.14	-42.90
-58.93	-28.62
-63.41	-46.79
-104.91	7.30
-109.93	-8.25
-62.51	-40.54
-62.30	118.94
-88.58	76.00
-104.27	125.49
-65.51	143.79
-71.57	132.73
-149.52	140.80
-149.83	158.38
-157.74	160.56
-63.81	-28.52
-82.06	-15.92
-117.10	6.34
-93.94	118.73
-88.06	-26.06
-153.15	146.73
-69.34	-65.86
-66.12	-26.50
-40.06	-49.05
-124.32	144.55
-122.36	-19.05
-53.35	-42.78
-78.84	9.49
-110.69	140.23
-130.13	129.37
-61.40	-48.05
-92.08	146.39
-53.48	-36.25
-68.28	7.39
-78.52	-3.24
-70.96	-40.05
-52.69	-51.30
-69.17	-45.11
-80.38	138.29
-143.25	165.56
-97.94	151.43
-156.25	158.01
-145.38	160.33
-58.41	-40.85
-54.56	-43.66
-99.58	98.97
-63.51	-22.51
-70.64	118.13
-84.67	122.20
-58.25	-45.34
-52.59	-60.98
-35.32	-4.38
-85.44	126.33
-84.64	140.29
-73.89	138.04
-85.35	-12.86
-57.05	-55.48
-74.36	135.62
-67.28	-29.88
-57.29	-54.73
-113.03	124.70
64.73	29.42
-56.10	-48.36
-70.05	161.08
-95.71	146.24
-136.98	139.35
-71.31	-39.92
-85.10	-30.99
-105.38	-45.30
-94.57	110.35
-66.08	-48.11
-65.23	-21.33
-120.57	71.98
-150.91	159.78
-57.09	-32.22
-62.24	-37.92
-69.91	-38.15
-163.58	166.99
-109.09	137.55
-113.86	37.80
-132.20	137.27
-45.16	-51.68
-113.32	146.84
-65.69	-39.86
-53.81	-43.14
-148.50	158.06
-45.43	-74.22
-61.91	-34.54
-42.54	-53.74
-57.99	-39.47
-133.01	147.51
-102.91	-0.49
-34.78	-58.56
-74.57	-43.98
-66.68	-5.07
-100.63	130.58
-40.23	-51.58
-154.09	73.94
179.21	164.45
-157.57	152.28
-154.15	149.87
-168.64	164.93
-138.72	144.06
-69.88	-14.25
-116.79	13.94
-119.47	159.15
-69.14	-24.94
-106.82	44.93
-109.32	153.58
-154.06	160.02
-132.57	4.61
-147.56	131.06
-159.57	160.96
-86.96	149.43
-68.96	-39.55
-93.31	129.05
-172.13	159.53
-56.58	-42.04
52.35	-39.13
-102.05	114.59
-54.03	-41.02
-67.89	-50.01
-59.09	-33.59
-111.38	114.46
-52.38	-54.34
-77.99	-6.75
-145.62	157.62
-91.43	97.14
-76.31	117.00
-141.93	-178.42
-57.15	123.81
-143.75	150.77
-104.25	148.87
-62.22	-53.34
-59.60	-43.18
-89.89	153.02
-81.25	-61.12
-133.18	145.39
-79.25	124.75
-105.26	-14.89
-67.92	-35.74
-112.08	-41.38
-62.89	-44.71
-92.53	-26.09
-77.41	95.51
-56.53	-55.14
60.22	46.39
-152.51	153.98
-64.27	-41.18
-155.60	156.70
-99.14	118.62
-60.72	134.64
-46.37	-56.37
-57.65	-45.04
-55.23	143.20
-119.13	137.83
-70.18	-46.69
